Date,Open,High,Low,Close,Volume,Adj Close
2013-09-20,0.56,0.56,0.56,0.56,000,0.55
2013-09-19,0.56,0.56,0.56,0.56,19600,0.55
2013-09-18,0.57,0.57,0.57,0.57,000,0.57
2013-09-17,0.57,0.57,0.57,0.57,000,0.57
2013-09-16,0.57,0.57,0.57,0.57,000,0.57
2013-09-13,0.57,0.57,0.57,0.57,000,0.57
2013-09-12,0.57,0.57,0.57,0.57,000,0.57
2013-09-11,0.57,0.57,0.57,0.57,000,0.57
2013-09-10,0.57,0.57,0.57,0.57,000,0.57
2013-09-09,0.56,0.57,0.56,0.57,35000,0.57
2013-09-06,0.54,0.54,0.54,0.54,000,0.53
2013-09-05,0.54,0.54,0.54,0.54,000,0.53
2013-09-04,0.54,0.54,0.54,0.54,000,0.53
2013-09-03,0.55,0.55,0.54,0.54,7000,0.53
2013-09-02,0.53,0.53,0.53,0.53,000,0.52
2013-08-30,0.53,0.53,0.53,0.53,000,0.52
2013-08-29,0.53,0.53,0.53,0.53,000,0.52
2013-08-28,0.53,0.53,0.53,0.53,000,0.52
2013-08-27,0.53,0.53,0.53,0.53,000,0.52
2013-08-26,0.53,0.53,0.53,0.53,000,0.52
2013-08-23,0.55,0.55,0.53,0.53,22200,0.52
2013-08-22,0.58,0.58,0.58,0.58,000,0.57
2013-08-21,0.58,0.58,0.58,0.58,000,0.57
2013-08-20,0.58,0.58,0.58,0.58,000,0.57
2013-08-19,0.58,0.58,0.58,0.58,000,0.57
2013-08-16,0.58,0.58,0.58,0.58,25000,0.57
2013-08-15,0.54,0.54,0.54,0.54,000,0.53
2013-08-14,0.54,0.54,0.54,0.54,25000,0.53
2013-08-13,0.54,0.54,0.54,0.54,000,0.53
2013-08-12,0.54,0.54,0.54,0.54,000,0.53
2013-08-09,0.54,0.54,0.54,0.54,000,0.53
2013-08-08,0.54,0.54,0.54,0.54,000,0.53
2013-08-07,0.55,0.55,0.54,0.54,84500,0.53
2013-08-06,0.55,0.55,0.55,0.55,000,0.54
2013-08-05,0.55,0.55,0.55,0.55,000,0.54
2013-08-02,0.55,0.55,0.55,0.55,45300,0.54
2013-08-01,0.55,0.55,0.55,0.55,000,0.54
2013-07-31,0.57,0.57,0.55,0.55,47300,0.54
2013-07-30,0.55,0.55,0.55,0.55,000,0.54
2013-07-29,0.56,0.59,0.55,0.55,130000,0.54
2013-07-26,0.50,0.50,0.50,0.50,000,0.49
2013-07-25,0.50,0.50,0.50,0.50,000,0.49
2013-07-24,0.50,0.50,0.50,0.50,000,0.49
2013-07-23,0.50,0.50,0.50,0.50,000,0.49
2013-07-22,0.50,0.50,0.50,0.50,32800,0.49
2013-07-19,0.48,0.48,0.48,0.48,000,0.47
2013-07-18,0.48,0.48,0.48,0.48,000,0.47
2013-07-17,0.48,0.48,0.48,0.48,000,0.47
2013-07-16,0.48,0.48,0.48,0.48,000,0.47
2013-07-15,0.48,0.48,0.48,0.48,000,0.47
2013-07-12,0.48,0.48,0.48,0.48,6000,0.47
2013-07-11,0.46,0.46,0.46,0.46,000,0.45
2013-07-10,0.46,0.46,0.46,0.46,000,0.45
2013-07-09,0.46,0.46,0.46,0.46,5300,0.45
2013-07-08,0.47,0.47,0.47,0.47,000,0.46
2013-07-05,0.47,0.47,0.47,0.47,000,0.46
2013-07-04,0.47,0.47,0.47,0.47,000,0.46
2013-07-03,0.47,0.47,0.47,0.47,000,0.46
2013-07-02,0.47,0.47,0.47,0.47,000,0.46
2013-07-01,0.47,0.47,0.47,0.47,000,0.46
2013-06-28,0.47,0.47,0.47,0.47,000,0.46
2013-06-27,0.47,0.47,0.47,0.47,000,0.46
2013-06-26,0.47,0.47,0.47,0.47,000,0.46
2013-06-25,0.47,0.47,0.47,0.47,000,0.46
2013-06-24,0.47,0.47,0.47,0.47,000,0.46
2013-06-21,0.47,0.47,0.47,0.47,000,0.46
2013-06-20,0.47,0.47,0.47,0.47,000,0.46
2013-06-19,0.47,0.47,0.47,0.47,10000,0.46
2013-06-18,0.50,0.50,0.50,0.50,000,0.49
2013-06-17,0.50,0.50,0.50,0.50,000,0.49
2013-06-14,0.50,0.50,0.50,0.50,000,0.49
2013-06-13,0.50,0.50,0.50,0.50,000,0.49
2013-06-12,0.50,0.50,0.50,0.50,000,0.49
2013-06-11,0.50,0.50,0.50,0.50,000,0.49
2013-06-10,0.50,0.50,0.50,0.50,000,0.49
2013-06-07,0.50,0.50,0.50,0.50,000,0.49
2013-06-06,0.50,0.50,0.50,0.50,000,0.49
2013-06-05,0.50,0.50,0.50,0.50,000,0.49
2013-06-04,0.50,0.50,0.50,0.50,000,0.49
2013-06-03,0.50,0.50,0.50,0.50,000,0.49
2013-05-31,0.50,0.50,0.50,0.50,27100,0.49
2013-05-30,0.55,0.55,0.55,0.55,000,0.54
2013-05-29,0.55,0.55,0.55,0.55,000,0.54
2013-05-28,0.55,0.55,0.55,0.55,000,0.54
2013-05-27,0.55,0.55,0.55,0.55,000,0.54
2013-05-24,0.55,0.55,0.55,0.55,000,0.54
2013-05-23,0.55,0.55,0.55,0.55,000,0.54
2013-05-22,0.55,0.55,0.55,0.55,000,0.54
2013-05-21,0.55,0.55,0.55,0.55,000,0.54
2013-05-20,0.55,0.55,0.55,0.55,000,0.54
2013-05-17,0.55,0.55,0.55,0.55,000,0.54
2013-05-16,0.55,0.55,0.55,0.55,000,0.54
2013-05-15,0.55,0.55,0.54,0.55,16000,0.54
2013-05-14,0.54,0.54,0.54,0.54,000,0.53
2013-05-13,0.54,0.54,0.54,0.54,000,0.53
2013-05-10,0.54,0.54,0.54,0.54,000,0.53
2013-05-09,0.54,0.54,0.54,0.54,16500,0.53
2013-05-08,0.53,0.53,0.52,0.52,26000,0.52
2013-05-07,0.55,0.55,0.55,0.55,135500,0.54
2013-05-06,0.56,0.56,0.56,0.56,8500,0.56
2013-05-03,0.55,0.60,0.55,0.60,283500,0.59
2013-05-02,0.56,0.56,0.55,0.55,145600,0.54
2013-05-01,0.46,0.46,0.46,0.46,000,0.45
2013-04-30,0.46,0.46,0.46,0.46,8500,0.45
2013-04-29,0.48,0.48,0.48,0.48,000,0.47
2013-04-26,0.48,0.48,0.48,0.48,000,0.47
2013-04-25,0.48,0.48,0.48,0.48,000,0.47
2013-04-24,0.48,0.48,0.48,0.48,000,0.47
2013-04-23,0.48,0.48,0.48,0.48,000,0.47
2013-04-22,0.48,0.48,0.48,0.48,000,0.47
2013-04-19,0.48,0.48,0.48,0.48,000,0.47
2013-04-18,0.48,0.48,0.48,0.48,000,0.47
2013-04-17,0.48,0.48,0.48,0.48,000,0.47
2013-04-16,0.48,0.48,0.48,0.48,000,0.47
2013-04-15,0.48,0.48,0.48,0.48,000,0.47
2013-04-12,0.48,0.48,0.48,0.48,000,0.47
2013-04-11,0.48,0.48,0.48,0.48,000,0.47
2013-04-10,0.48,0.48,0.48,0.48,000,0.47
2013-04-09,0.48,0.48,0.48,0.48,000,0.47
2013-04-08,0.48,0.48,0.48,0.48,000,0.47
2013-04-05,0.48,0.48,0.48,0.48,000,0.47
2013-04-04,0.48,0.48,0.48,0.48,000,0.47
2013-04-03,0.48,0.48,0.48,0.48,000,0.47
2013-04-02,0.48,0.48,0.48,0.48,4100,0.47
2013-04-01,0.47,0.47,0.47,0.47,000,0.46
2013-03-29,0.47,0.47,0.47,0.47,000,0.46
2013-03-28,0.47,0.47,0.47,0.47,000,0.46
2013-03-27,0.47,0.47,0.47,0.47,000,0.46
2013-03-26,0.47,0.47,0.47,0.47,000,0.46
2013-03-25,0.47,0.47,0.47,0.47,000,0.46
2013-03-22,0.47,0.47,0.47,0.47,000,0.46
2013-03-21,0.47,0.47,0.47,0.47,000,0.46
2013-03-20,0.47,0.47,0.47,0.47,000,0.46
2013-03-19,0.47,0.47,0.47,0.47,000,0.46
2013-03-18,0.47,0.47,0.47,0.47,000,0.46
2013-03-15,0.47,0.47,0.47,0.47,000,0.46
2013-03-14,0.47,0.47,0.47,0.47,000,0.46
2013-03-13,0.47,0.47,0.47,0.47,000,0.46
2013-03-12,0.47,0.47,0.47,0.47,700,0.46
2013-03-11,0.44,0.44,0.44,0.44,000,0.43
2013-03-08,0.44,0.44,0.44,0.44,000,0.43
2013-03-07,0.44,0.44,0.44,0.44,000,0.43
2013-03-06,0.44,0.44,0.44,0.44,27200,0.43
2013-03-05,0.47,0.47,0.47,0.47,000,0.46
2013-03-04,0.47,0.47,0.47,0.47,000,0.46
2013-03-01,0.47,0.47,0.47,0.47,000,0.46
2013-02-28,0.47,0.47,0.47,0.47,000,0.46
2013-02-27,0.47,0.47,0.47,0.47,000,0.46
2013-02-26,0.47,0.47,0.47,0.47,000,0.46
2013-02-25,0.47,0.47,0.47,0.47,27200,0.46
2013-02-22,0.47,0.48,0.47,0.48,28600,0.47
2013-02-21,0.49,0.49,0.49,0.49,000,0.48
2013-02-20,0.49,0.49,0.49,0.49,000,0.48
2013-02-19,0.49,0.49,0.49,0.49,000,0.48
2013-02-18,0.49,0.49,0.49,0.49,000,0.48
2013-02-15,0.49,0.49,0.49,0.49,000,0.48
2013-02-14,0.49,0.49,0.49,0.49,000,0.48
2013-02-13,0.49,0.49,0.49,0.49,000,0.48
2013-02-12,0.49,0.49,0.49,0.49,000,0.48
2013-02-11,0.49,0.49,0.49,0.49,000,0.48
2013-02-08,0.49,0.49,0.49,0.49,000,0.48
2013-02-07,0.48,0.49,0.48,0.49,54700,0.48
2013-02-06,0.45,0.45,0.45,0.45,42300,0.44
2013-02-05,0.43,0.43,0.43,0.43,4000,0.42
2013-02-04,0.43,0.43,0.43,0.43,000,0.42
2013-02-01,0.43,0.43,0.43,0.43,000,0.42
2013-01-31,0.43,0.43,0.43,0.43,000,0.42
2013-01-30,0.43,0.43,0.43,0.43,000,0.42
2013-01-29,0.43,0.43,0.43,0.43,54700,0.42
2013-01-28,0.43,0.43,0.43,0.43,000,0.42
2013-01-25,0.43,0.43,0.43,0.43,31400,0.42
2013-01-24,0.38,0.38,0.38,0.38,000,0.38
2013-01-22,0.38,0.38,0.38,0.38,000,0.38
2013-01-21,0.38,0.38,0.38,0.38,000,0.38
2013-01-18,0.38,0.38,0.38,0.38,000,0.38
2013-01-17,0.38,0.38,0.38,0.38,000,0.38
2013-01-16,0.38,0.38,0.38,0.38,000,0.38
2013-01-15,0.38,0.38,0.38,0.38,000,0.38
2013-01-14,0.38,0.38,0.38,0.38,000,0.38
2013-01-11,0.38,0.38,0.38,0.38,000,0.38
2013-01-10,0.38,0.38,0.38,0.38,000,0.38
2013-01-09,0.38,0.38,0.38,0.38,000,0.38
2013-01-08,0.38,0.38,0.38,0.38,000,0.38
2013-01-07,0.38,0.38,0.38,0.38,000,0.38
2013-01-04,0.38,0.38,0.38,0.38,000,0.38
2013-01-03,0.38,0.38,0.38,0.38,000,0.38
2013-01-02,0.38,0.38,0.38,0.38,000,0.38
2013-01-01,0.38,0.38,0.38,0.38,000,0.38
2012-12-31,0.38,0.38,0.38,0.38,000,0.38
2012-12-28,0.38,0.38,0.38,0.38,000,0.38
2012-12-27,0.38,0.38,0.38,0.38,000,0.38
2012-12-26,0.38,0.38,0.38,0.38,000,0.38
2012-12-25,0.38,0.38,0.38,0.38,000,0.38
2012-12-24,0.38,0.38,0.38,0.38,000,0.38
2012-12-21,0.40,0.40,0.38,0.38,28600,0.38
2012-12-20,0.40,0.40,0.40,0.40,000,0.40
2012-12-19,0.40,0.40,0.40,0.40,000,0.40
2012-12-18,0.40,0.40,0.40,0.40,000,0.40
2012-12-17,0.40,0.40,0.40,0.40,000,0.40
2012-12-14,0.40,0.40,0.40,0.40,9100,0.40
2012-12-13,0.44,0.44,0.44,0.44,000,0.43
2012-12-12,0.44,0.44,0.44,0.44,000,0.43
2012-12-11,0.44,0.44,0.44,0.44,000,0.43
2012-12-10,0.44,0.44,0.44,0.44,112300,0.43
2012-12-07,0.42,0.44,0.42,0.44,35500,0.43
2012-12-06,0.40,0.42,0.40,0.42,110000,0.41
2012-12-05,0.38,0.38,0.38,0.38,000,0.38
2012-12-04,0.38,0.38,0.38,0.38,79000,0.38
2012-12-03,0.39,0.39,0.39,0.39,22000,0.39
2012-11-30,0.40,0.40,0.40,0.40,000,0.39
2012-11-29,0.40,0.40,0.40,0.40,000,0.39
2012-11-28,0.40,0.40,0.40,0.40,000,0.39
2012-11-27,0.40,0.40,0.40,0.40,000,0.39
2012-11-26,0.40,0.40,0.40,0.40,000,0.39
2012-11-23,0.40,0.40,0.40,0.40,000,0.39
2012-11-22,0.40,0.40,0.40,0.40,000,0.39
2012-11-21,0.40,0.40,0.40,0.40,000,0.39
2012-11-20,0.40,0.40,0.40,0.40,000,0.39
2012-11-19,0.40,0.40,0.40,0.40,000,0.39
2012-11-16,0.40,0.40,0.40,0.40,000,0.39
2012-11-15,0.40,0.40,0.40,0.40,000,0.39
2012-11-14,0.40,0.40,0.40,0.40,000,0.39
2012-11-13,0.40,0.40,0.40,0.40,000,0.39
2012-11-12,0.40,0.40,0.40,0.40,000,0.39
2012-11-09,0.40,0.40,0.40,0.40,000,0.39
2012-11-08,0.40,0.40,0.40,0.40,000,0.39
2012-11-07,0.40,0.40,0.40,0.40,000,0.38
2012-11-06,0.40,0.40,0.40,0.40,000,0.38
2012-11-05,0.40,0.40,0.40,0.40,000,0.38
2012-11-02,0.40,0.40,0.40,0.40,000,0.38
2012-11-01,0.40,0.40,0.40,0.40,000,0.38
2012-10-31,0.40,0.40,0.40,0.40,000,0.38
2012-10-30,0.40,0.40,0.40,0.40,000,0.38
2012-10-29,0.40,0.40,0.40,0.40,000,0.38
2012-10-26,0.40,0.40,0.40,0.40,000,0.38
2012-10-25,0.40,0.40,0.40,0.40,000,0.38
2012-10-24,0.40,0.40,0.40,0.40,000,0.38
2012-10-23,0.40,0.40,0.40,0.40,000,0.38
2012-10-22,0.40,0.40,0.40,0.40,000,0.38
2012-10-19,0.40,0.40,0.40,0.40,15000,0.38
2012-10-18,0.42,0.42,0.42,0.42,000,0.41
2012-10-17,0.42,0.42,0.42,0.42,000,0.41
2012-10-16,0.42,0.42,0.42,0.42,46900,0.41
2012-10-15,0.39,0.39,0.39,0.39,000,0.38
2012-10-12,0.39,0.39,0.39,0.39,000,0.38
2012-10-11,0.39,0.39,0.39,0.39,000,0.38
2012-10-10,0.39,0.39,0.39,0.39,000,0.38
2012-10-09,0.40,0.40,0.39,0.39,23000,0.38
2012-10-08,0.40,0.40,0.40,0.40,40000,0.39
2012-10-05,0.40,0.42,0.40,0.42,7000,0.41
2012-10-04,0.40,0.40,0.40,0.40,40000,0.39
2012-10-03,0.36,0.36,0.36,0.36,25000,0.35
2012-10-02,0.36,0.36,0.36,0.36,000,0.35
2012-10-01,0.36,0.36,0.36,0.36,000,0.35
2012-09-28,0.36,0.36,0.36,0.36,8000,0.35
2012-09-27,0.36,0.36,0.36,0.36,80000,0.35
2012-09-26,0.36,0.36,0.36,0.36,000,0.35
2012-09-25,0.36,0.36,0.36,0.36,000,0.35
2012-09-24,0.36,0.36,0.36,0.36,000,0.35
2012-09-21,0.36,0.36,0.36,0.36,10000,0.35
2012-09-20,0.37,0.37,0.37,0.37,10000,0.36
2012-09-19,0.37,0.37,0.37,0.37,5000,0.35
2012-09-18,0.33,0.33,0.33,0.33,000,0.32
2012-09-17,0.33,0.33,0.33,0.33,000,0.32
2012-09-14,0.33,0.33,0.33,0.33,1300,0.32
2012-09-13,0.38,0.38,0.38,0.38,25000,0.37
2012-09-12,0.40,0.40,0.40,0.40,2000,0.39
2012-09-11,0.39,0.39,0.39,0.39,000,0.38
2012-09-10,0.39,0.39,0.39,0.39,000,0.38
2012-09-07,0.39,0.39,0.39,0.39,000,0.38
2012-09-06,0.39,0.39,0.39,0.39,000,0.38
2012-09-05,0.39,0.39,0.39,0.39,000,0.38
2012-09-04,0.38,0.39,0.36,0.39,25000,0.38
2012-09-03,0.40,0.40,0.40,0.40,000,0.39
2012-08-31,0.40,0.40,0.40,0.40,000,0.39
2012-08-30,0.40,0.40,0.40,0.40,10000,0.39
2012-08-29,0.38,0.38,0.38,0.38,25500,0.37
2012-08-28,0.40,0.40,0.40,0.40,000,0.39
2012-08-27,0.40,0.40,0.40,0.40,25000,0.39
2012-08-24,0.40,0.40,0.40,0.40,20000,0.38
2012-08-23,0.38,0.38,0.36,0.38,74100,0.37
2012-08-22,0.40,0.40,0.40,0.40,000,0.39
2012-08-21,0.40,0.40,0.40,0.40,000,0.39
2012-08-20,0.38,0.40,0.38,0.40,45000,0.39
2012-08-17,0.36,0.36,0.36,0.36,000,0.35
2012-08-16,0.36,0.36,0.36,0.36,000,0.35
2012-08-15,0.36,0.36,0.36,0.36,000,0.35
2012-08-14,0.36,0.36,0.36,0.36,000,0.35
2012-08-13,0.36,0.36,0.36,0.36,000,0.35
2012-08-10,0.36,0.36,0.36,0.36,000,0.35
2012-08-09,0.36,0.36,0.36,0.36,000,0.35
2012-08-08,0.36,0.36,0.36,0.36,000,0.35
2012-08-07,0.36,0.36,0.36,0.36,000,0.35
2012-08-06,0.36,0.36,0.36,0.36,000,0.35
2012-08-03,0.36,0.36,0.36,0.36,000,0.35
2012-08-02,0.36,0.36,0.36,0.36,000,0.35
2012-08-01,0.36,0.36,0.36,0.36,18500,0.35
2012-07-31,0.40,0.40,0.40,0.40,000,0.39
2012-07-30,0.40,0.40,0.40,0.40,000,0.39
2012-07-27,0.40,0.40,0.40,0.40,000,0.39
2012-07-26,0.40,0.40,0.40,0.40,000,0.39
2012-07-25,0.40,0.40,0.40,0.40,000,0.39
2012-07-24,0.40,0.40,0.40,0.40,000,0.39
2012-07-23,0.40,0.40,0.40,0.40,20000,0.39
2012-07-20,0.42,0.42,0.42,0.42,000,0.41
2012-07-19,0.42,0.42,0.42,0.42,000,0.41
2012-07-18,0.42,0.42,0.42,0.42,000,0.41
2012-07-17,0.42,0.42,0.42,0.42,000,0.41
2012-07-16,0.42,0.42,0.42,0.42,7700,0.41
2012-07-13,0.42,0.42,0.42,0.42,000,0.41
2012-07-12,0.42,0.42,0.42,0.42,000,0.41
2012-07-11,0.42,0.42,0.42,0.42,000,0.41
2012-07-10,0.42,0.42,0.42,0.42,000,0.41
2012-07-09,0.42,0.42,0.42,0.42,000,0.41
2012-07-06,0.42,0.42,0.42,0.42,000,0.41
2012-07-05,0.42,0.42,0.42,0.42,000,0.41
2012-07-04,0.42,0.42,0.42,0.42,000,0.41
2012-07-03,0.42,0.42,0.42,0.42,000,0.41
2012-07-02,0.42,0.42,0.42,0.42,000,0.41
2012-06-29,0.42,0.42,0.42,0.42,000,0.41
2012-06-28,0.42,0.42,0.42,0.42,000,0.41
2012-06-27,0.42,0.42,0.42,0.42,000,0.41
2012-06-26,0.42,0.42,0.42,0.42,000,0.41
2012-06-25,0.42,0.42,0.42,0.42,000,0.41
2012-06-22,0.42,0.42,0.42,0.42,3200,0.41
2012-06-21,0.42,0.42,0.42,0.42,3400,0.41
2012-06-20,0.42,0.42,0.42,0.42,000,0.41
2012-06-19,0.42,0.42,0.42,0.42,2100,0.41
2012-06-18,0.42,0.42,0.42,0.42,000,0.41
2012-06-15,0.42,0.42,0.42,0.42,2000,0.41
2012-06-14,0.42,0.42,0.42,0.42,000,0.41
2012-06-13,0.42,0.42,0.42,0.42,000,0.41
2012-06-12,0.42,0.42,0.42,0.42,000,0.41
2012-06-11,0.42,0.42,0.42,0.42,000,0.41
2012-06-08,0.42,0.42,0.42,0.42,000,0.41
2012-06-07,0.42,0.42,0.42,0.42,000,0.41
2012-06-06,0.42,0.42,0.42,0.42,000,0.41
2012-06-05,0.42,0.42,0.42,0.42,000,0.41
2012-06-04,0.43,0.43,0.42,0.42,46200,0.41
2012-06-01,0.43,0.43,0.43,0.43,000,0.42
2012-05-31,0.45,0.45,0.43,0.43,2300,0.42
2012-05-30,0.43,0.43,0.43,0.43,000,0.42
2012-05-29,0.43,0.43,0.43,0.43,000,0.42
2012-05-28,0.43,0.43,0.43,0.43,1500,0.42
2012-05-25,0.43,0.43,0.43,0.43,000,0.42
2012-05-24,0.43,0.43,0.43,0.43,000,0.42
2012-05-23,0.43,0.43,0.43,0.43,000,0.42
2012-05-22,0.43,0.43,0.43,0.43,000,0.42
2012-05-21,0.43,0.43,0.43,0.43,000,0.42
2012-05-18,0.43,0.43,0.43,0.43,35000,0.42
2012-05-17,0.44,0.44,0.43,0.43,23500,0.42
2012-05-16,0.44,0.44,0.44,0.44,1500,0.43
2012-05-15,0.44,0.44,0.44,0.44,18500,0.42
2012-05-14,0.44,0.44,0.44,0.44,19100,0.42
2012-05-11,0.44,0.44,0.44,0.44,000,0.42
2012-05-10,0.44,0.44,0.44,0.44,27100,0.42
2012-05-09,0.45,0.45,0.45,0.45,000,0.44
2012-05-08,0.45,0.45,0.45,0.45,25000,0.44
2012-05-07,0.45,0.45,0.45,0.45,000,0.44
2012-05-04,0.45,0.45,0.45,0.45,000,0.44
2012-05-03,0.44,0.45,0.44,0.45,18300,0.44
2012-05-02,0.45,0.45,0.45,0.45,000,0.44
2012-05-01,0.45,0.45,0.45,0.45,000,0.44
2012-04-30,0.45,0.45,0.45,0.45,000,0.44
2012-04-27,0.45,0.45,0.43,0.45,10500,0.44
2012-04-26,0.45,0.45,0.45,0.45,000,0.44
2012-04-25,0.45,0.45,0.45,0.45,000,0.44
2012-04-24,0.45,0.45,0.45,0.45,000,0.44
2012-04-23,0.45,0.45,0.45,0.45,000,0.44
2012-04-20,0.45,0.45,0.45,0.45,000,0.44
2012-04-19,0.45,0.45,0.45,0.45,000,0.44
2012-04-18,0.45,0.45,0.45,0.45,000,0.44
2012-04-17,0.45,0.45,0.45,0.45,000,0.44
2012-04-16,0.45,0.45,0.45,0.45,000,0.44
2012-04-13,0.45,0.45,0.45,0.45,000,0.44
2012-04-12,0.46,0.46,0.45,0.45,10500,0.44
2012-04-11,0.47,0.47,0.47,0.47,000,0.46
2012-04-10,0.47,0.47,0.47,0.47,000,0.46
2012-04-09,0.47,0.47,0.47,0.47,000,0.46
2012-04-06,0.47,0.47,0.47,0.47,000,0.46
2012-04-05,0.47,0.47,0.47,0.47,000,0.46
2012-04-04,0.47,0.47,0.47,0.47,000,0.46
2012-04-03,0.47,0.47,0.47,0.47,12000,0.46
2012-04-02,0.46,0.46,0.46,0.46,47600,0.45
2012-03-30,0.45,0.45,0.45,0.45,27500,0.44
2012-03-29,0.45,0.45,0.45,0.45,000,0.44
2012-03-28,0.45,0.45,0.45,0.45,12200,0.44
2012-03-27,0.38,0.38,0.38,0.38,000,0.37
2012-03-26,0.38,0.38,0.38,0.38,000,0.37
2012-03-23,0.38,0.38,0.38,0.38,000,0.37
2012-03-22,0.38,0.38,0.38,0.38,000,0.37
2012-03-21,0.38,0.38,0.38,0.38,000,0.37
2012-03-20,0.38,0.38,0.38,0.38,000,0.37
2012-03-19,0.38,0.38,0.38,0.38,000,0.37
2012-03-16,0.38,0.38,0.38,0.38,000,0.37
2012-03-15,0.38,0.38,0.38,0.38,000,0.37
2012-03-14,0.38,0.38,0.38,0.38,000,0.37
2012-03-13,0.38,0.38,0.38,0.38,000,0.37
2012-03-12,0.38,0.38,0.38,0.38,000,0.37
2012-03-09,0.38,0.38,0.38,0.38,6000,0.37
2012-03-08,0.41,0.41,0.41,0.41,000,0.40
2012-03-07,0.41,0.41,0.41,0.41,000,0.40
2012-03-06,0.41,0.41,0.41,0.41,000,0.40
2012-03-05,0.41,0.41,0.41,0.41,000,0.40
2012-03-02,0.41,0.41,0.41,0.41,000,0.40
2012-03-01,0.42,0.42,0.41,0.41,43900,0.40
2012-02-29,0.44,0.44,0.44,0.44,000,0.43
2012-02-28,0.44,0.44,0.44,0.44,000,0.43
2012-02-27,0.44,0.44,0.44,0.44,000,0.43
2012-02-24,0.44,0.44,0.44,0.44,000,0.43
2012-02-23,0.44,0.44,0.44,0.44,000,0.43
2012-02-22,0.44,0.44,0.44,0.44,000,0.43
2012-02-21,0.44,0.44,0.44,0.44,000,0.43
2012-02-20,0.44,0.44,0.44,0.44,000,0.43
2012-02-17,0.44,0.44,0.44,0.44,000,0.43
2012-02-16,0.44,0.44,0.44,0.44,000,0.43
2012-02-15,0.44,0.44,0.44,0.44,000,0.43
2012-02-14,0.44,0.44,0.44,0.44,000,0.43
2012-02-13,0.44,0.44,0.44,0.44,000,0.43
2012-02-10,0.44,0.44,0.44,0.44,000,0.43
2012-02-09,0.44,0.44,0.44,0.44,000,0.43
2012-02-08,0.44,0.44,0.44,0.44,000,0.43
2012-02-07,0.44,0.44,0.44,0.44,000,0.43
2012-02-06,0.43,0.44,0.43,0.44,16000,0.43
2012-02-03,0.43,0.43,0.43,0.43,000,0.42
2012-02-02,0.43,0.43,0.43,0.43,000,0.42
2012-02-01,0.43,0.43,0.43,0.43,000,0.42
2012-01-31,0.43,0.43,0.43,0.43,000,0.42
2012-01-30,0.43,0.43,0.43,0.43,3000,0.42
2012-01-27,0.43,0.43,0.43,0.43,000,0.42
2012-01-26,0.43,0.43,0.43,0.43,000,0.42
2012-01-25,0.43,0.43,0.43,0.43,000,0.42
2012-01-24,0.43,0.43,0.43,0.43,000,0.42
2012-01-23,0.43,0.43,0.43,0.43,000,0.42
2012-01-20,0.43,0.43,0.43,0.43,000,0.42
2012-01-19,0.43,0.43,0.43,0.43,000,0.42
2012-01-18,0.43,0.43,0.43,0.43,000,0.42
2012-01-17,0.43,0.43,0.43,0.43,000,0.42
2012-01-16,0.43,0.43,0.43,0.43,000,0.42
2012-01-13,0.43,0.43,0.43,0.43,000,0.42
2012-01-12,0.43,0.43,0.43,0.43,000,0.42
2012-01-11,0.43,0.43,0.43,0.43,000,0.42
2012-01-10,0.43,0.43,0.43,0.43,000,0.42
2012-01-09,0.43,0.43,0.43,0.43,000,0.42
2012-01-06,0.43,0.43,0.43,0.43,000,0.42
2012-01-05,0.43,0.43,0.43,0.43,000,0.42
2012-01-04,0.43,0.43,0.43,0.43,000,0.42
2012-01-03,0.43,0.43,0.43,0.43,000,0.42
2012-01-02,0.43,0.43,0.43,0.43,000,0.42
2011-12-30,0.43,0.43,0.43,0.43,000,0.42
2011-12-29,0.43,0.43,0.43,0.43,000,0.42
2011-12-28,0.43,0.43,0.43,0.43,000,0.42
2011-12-27,0.43,0.43,0.43,0.43,000,0.42
2011-12-26,0.43,0.43,0.43,0.43,000,0.42
2011-12-23,0.43,0.43,0.43,0.43,000,0.42
2011-12-22,0.43,0.43,0.43,0.43,000,0.42
2011-12-21,0.43,0.43,0.43,0.43,000,0.42
2011-12-20,0.43,0.43,0.43,0.43,000,0.42
2011-12-19,0.43,0.43,0.43,0.43,000,0.42
2011-12-16,0.43,0.43,0.43,0.43,000,0.42
2011-12-15,0.43,0.43,0.43,0.43,000,0.42
2011-12-14,0.43,0.43,0.43,0.43,35000,0.42
2011-12-13,0.42,0.42,0.42,0.42,000,0.41
2011-12-12,0.42,0.42,0.42,0.42,000,0.41
2011-12-09,0.42,0.42,0.42,0.42,000,0.41
2011-12-08,0.42,0.42,0.42,0.42,000,0.41
2011-12-07,0.42,0.42,0.42,0.42,000,0.41
2011-12-06,0.42,0.42,0.42,0.42,16100,0.41
2011-12-05,0.41,0.42,0.41,0.41,14300,0.40
2011-12-02,0.44,0.44,0.44,0.44,000,0.43
2011-12-01,0.44,0.44,0.44,0.44,000,0.43
2011-11-30,0.44,0.44,0.44,0.44,000,0.43
2011-11-29,0.44,0.44,0.44,0.44,000,0.43
2011-11-28,0.44,0.44,0.44,0.44,000,0.43
2011-11-25,0.44,0.44,0.44,0.44,000,0.43
2011-11-24,0.44,0.44,0.44,0.44,000,0.43
2011-11-23,0.44,0.44,0.44,0.44,000,0.43
2011-11-22,0.44,0.44,0.44,0.44,000,0.43
2011-11-21,0.44,0.44,0.44,0.44,000,0.43
2011-11-18,0.44,0.44,0.44,0.44,000,0.43
2011-11-17,0.44,0.44,0.44,0.44,27200,0.43
2011-11-10,0.44,0.44,0.43,0.43,33800,0.42
2011-10-12,0.42,0.42,0.39,0.39,41400,0.37
2011-09-26,0.42,0.42,0.42,0.42,20000,0.40
2011-09-19,0.43,0.43,0.42,0.42,17600,0.40
2011-09-15,0.42,0.42,0.42,0.42,1400,0.40
2011-09-12,0.44,0.44,0.43,0.43,41200,0.41
2011-09-01,0.42,0.42,0.42,0.42,900,0.40
2011-08-29,0.42,0.42,0.42,0.42,3200,0.40
2011-08-25,0.42,0.42,0.42,0.42,23800,0.40
2011-08-24,0.42,0.42,0.40,0.40,60000,0.38
2011-08-23,0.42,0.42,0.41,0.41,15000,0.40
2011-08-19,0.43,0.43,0.43,0.43,3700,0.41
2011-08-16,0.43,0.43,0.43,0.43,3700,0.41
2011-07-28,0.51,0.51,0.51,0.51,30000,0.49
2011-07-25,0.52,0.52,0.52,0.52,6300,0.50
2011-06-30,0.53,0.53,0.53,0.53,10000,0.51
2011-06-28,0.53,0.53,0.53,0.53,20000,0.51
2011-06-22,0.54,0.54,0.54,0.54,7000,0.52
2011-06-20,0.53,0.53,0.53,0.53,8000,0.51
2011-06-15,0.53,0.53,0.53,0.53,1600,0.51
2011-06-09,0.54,0.54,0.53,0.53,30000,0.51
2011-05-18,0.54,0.54,0.53,0.53,24200,0.51
2011-05-17,0.53,0.53,0.53,0.53,1300,0.51
2011-05-12,0.56,0.56,0.56,0.56,19100,0.54
2011-05-11,0.56,0.56,0.56,0.56,30000,0.54
2011-05-09,0.60,0.60,0.56,0.56,11200,0.54
2011-04-21,0.58,0.58,0.57,0.57,66800,0.55
2011-04-13,0.61,0.61,0.58,0.58,20000,0.56
2011-04-11,0.58,0.58,0.58,0.58,10000,0.56
2011-04-04,0.57,0.57,0.57,0.57,1300,0.55
2011-03-11,0.60,0.62,0.60,0.62,20000,0.59
2011-03-10,0.60,0.60,0.60,0.60,15000,0.57
2011-03-08,0.61,0.61,0.58,0.60,98000,0.57
2011-03-07,0.61,0.62,0.61,0.62,67500,0.59
2011-03-04,0.58,0.59,0.58,0.59,15000,0.57
2011-03-03,0.59,0.59,0.59,0.59,1600,0.57
2011-03-01,0.56,0.58,0.56,0.58,3500,0.56
2011-02-21,0.58,0.58,0.58,0.58,8600,0.56
2011-02-04,0.58,0.58,0.58,0.58,20000,0.56
2011-01-31,0.58,0.60,0.58,0.60,45000,0.58
2011-01-28,0.58,0.60,0.58,0.60,50000,0.57
2011-01-21,0.58,0.58,0.58,0.58,10000,0.56
2011-01-19,0.56,0.56,0.56,0.56,20000,0.54
2011-01-12,0.56,0.56,0.56,0.56,100000,0.54
2011-01-05,0.56,0.56,0.56,0.56,20000,0.54
2010-12-24,0.56,0.56,0.56,0.56,9500,0.54
2010-12-17,0.57,0.57,0.56,0.56,11300,0.54
2010-12-15,0.57,0.57,0.57,0.57,19800,0.55
2010-12-14,0.57,0.58,0.57,0.58,75000,0.56
2010-12-08,0.55,0.55,0.55,0.55,5000,0.53
2010-12-07,0.57,0.57,0.55,0.55,34000,0.53
2010-11-23,0.56,0.56,0.56,0.56,95500,0.54
2010-11-22,0.57,0.57,0.57,0.57,10000,0.55
2010-11-16,0.57,0.57,0.57,0.57,14800,0.55
2010-11-10,0.58,0.58,0.58,0.58,20000,0.56
2010-11-05,0.58,0.58,0.58,0.58,17500,0.55
2010-11-03,0.57,0.57,0.57,0.57,28700,0.54
2010-10-18,0.56,0.56,0.56,0.56,8700,0.52
2010-10-12,0.56,0.56,0.55,0.55,55000,0.51
2010-10-05,0.56,0.56,0.56,0.56,6700,0.53
2010-10-04,0.56,0.56,0.56,0.56,3200,0.53
2010-09-30,0.56,0.56,0.56,0.56,30000,0.52
2010-09-27,0.56,0.56,0.56,0.56,53700,0.52
2010-09-17,0.53,0.53,0.53,0.53,7700,0.50
2010-09-13,0.53,0.53,0.53,0.53,1300,0.50
2010-09-07,0.53,0.53,0.53,0.53,1000,0.50
2010-08-31,0.54,0.54,0.54,0.54,4500,0.50
2010-08-30,0.55,0.55,0.55,0.55,10000,0.51
2010-08-26,0.56,0.56,0.56,0.56,6700,0.52
2010-08-24,0.56,0.56,0.56,0.56,7000,0.52
2010-08-23,0.57,0.57,0.57,0.57,20000,0.54
2010-08-17,0.56,0.56,0.56,0.56,10800,0.52
2010-08-09,0.55,0.55,0.55,0.55,29400,0.51
2010-08-05,0.57,0.57,0.55,0.55,19100,0.51
2010-08-02,0.57,0.57,0.57,0.57,2600,0.53
2010-07-28,0.53,0.57,0.53,0.57,25000,0.53
2010-07-27,0.50,0.50,0.50,0.50,1800,0.47
2010-07-26,0.50,0.50,0.50,0.50,11000,0.47
2010-07-23,0.51,0.51,0.51,0.51,20000,0.48
2010-07-22,0.50,0.50,0.50,0.50,10000,0.47
2010-07-19,0.51,0.51,0.51,0.51,7800,0.48
2010-07-16,0.53,0.53,0.53,0.53,4500,0.50
2010-07-15,0.54,0.54,0.53,0.53,6900,0.50
2010-07-02,0.50,0.50,0.50,0.50,10000,0.47
2010-06-30,0.50,0.50,0.50,0.50,18800,0.47
2010-06-25,0.54,0.54,0.50,0.50,000,0.47
2010-06-24,0.54,0.54,0.50,0.50,000,0.47
2010-06-23,0.50,0.50,0.49,0.49,77800,0.46
2010-06-22,0.52,0.52,0.52,0.52,22200,0.49
2010-06-21,0.54,0.54,0.50,0.50,000,0.47
2010-06-18,0.54,0.54,0.50,0.50,000,0.47
2010-06-17,0.50,0.50,0.50,0.50,38700,0.47
2010-06-16,0.51,0.51,0.50,0.50,161900,0.47
2010-06-15,0.50,0.51,0.50,0.51,15000,0.48
2010-06-11,0.51,0.51,0.50,0.50,000,0.47
2010-06-10,0.54,0.54,0.50,0.50,000,0.47
2010-06-09,0.54,0.54,0.50,0.50,000,0.47
2010-06-08,0.54,0.54,0.50,0.50,000,0.47
2010-06-07,0.54,0.54,0.50,0.50,000,0.47
2010-06-04,0.55,0.55,0.50,0.50,000,0.47
2010-06-03,0.55,0.55,0.50,0.50,000,0.47
2010-06-02,0.55,0.55,0.51,0.51,000,0.48
2010-06-01,0.55,0.55,0.51,0.51,000,0.48
2010-05-31,0.55,0.55,0.51,0.51,000,0.48
2010-05-28,0.55,0.55,0.51,0.51,000,0.48
2010-05-27,0.51,0.51,0.51,0.51,4300,0.48
2010-05-26,0.52,0.52,0.52,0.52,8000,0.49
2010-05-25,0.55,0.55,0.52,0.52,000,0.49
2010-05-24,0.51,0.55,0.51,0.55,20000,0.51
2010-05-21,0.52,0.52,0.51,0.51,21800,0.48
2010-05-20,0.53,0.53,0.52,0.52,000,0.49
2010-05-19,0.52,0.52,0.52,0.52,31200,0.49
2010-05-18,0.54,0.54,0.52,0.52,000,0.49
2010-05-17,0.55,0.55,0.52,0.52,000,0.49
2010-05-14,0.55,0.55,0.52,0.52,000,0.49
2010-05-13,0.55,0.55,0.55,0.55,900,0.51
2010-05-12,0.52,0.52,0.52,0.52,3700,0.49
2010-05-11,0.52,0.52,0.52,0.52,5600,0.49
2010-05-10,0.52,0.52,0.52,0.52,5400,0.49
2010-05-07,0.53,0.53,0.53,0.53,11600,0.50
2010-05-06,0.53,0.53,0.52,0.52,98800,0.49
2010-05-05,0.54,0.54,0.54,0.54,45400,0.50
2010-05-04,0.56,0.56,0.54,0.54,000,0.50
2010-05-03,0.56,0.56,0.54,0.54,000,0.50
2010-04-30,0.56,0.56,0.54,0.54,000,0.50
2010-04-29,0.54,0.54,0.54,0.54,10000,0.50
2010-04-28,0.56,0.56,0.54,0.54,000,0.50
2010-04-27,0.56,0.56,0.54,0.54,000,0.50
2010-04-23,0.56,0.56,0.53,0.53,000,0.50
2010-04-22,0.55,0.56,0.55,0.56,17700,0.52
2010-04-21,0.55,0.55,0.52,0.52,000,0.49
2010-04-20,0.55,0.55,0.52,0.52,000,0.49
2010-04-19,0.55,0.55,0.52,0.52,000,0.49
2010-04-16,0.55,0.55,0.52,0.52,000,0.49
2010-04-15,0.53,0.53,0.52,0.52,30000,0.49
2010-04-14,0.53,0.53,0.53,0.53,7100,0.50
2010-04-13,0.54,0.54,0.52,0.52,000,0.49
2010-04-12,0.54,0.54,0.53,0.53,24000,0.50
2010-04-09,0.54,0.54,0.54,0.54,18700,0.50
2010-04-08,0.56,0.56,0.56,0.56,20000,0.52
2010-04-07,0.56,0.56,0.54,0.54,000,0.50
2010-04-06,0.56,0.56,0.56,0.56,40000,0.52
2010-04-01,0.54,0.54,0.54,0.54,20000,0.50
2010-03-31,0.53,0.53,0.53,0.53,6500,0.50
2010-03-30,0.56,0.56,0.53,0.53,000,0.50
2010-03-29,0.56,0.56,0.52,0.52,000,0.49
2010-03-26,0.56,0.56,0.52,0.52,000,0.49
2010-03-25,0.56,0.56,0.52,0.52,000,0.49
2010-03-24,0.56,0.56,0.52,0.52,000,0.49
2010-03-22,0.56,0.56,0.52,0.52,000,0.49
2010-03-19,0.56,0.56,0.51,0.51,000,0.48
2010-03-18,0.56,0.56,0.51,0.51,000,0.48
2010-03-17,0.52,0.52,0.52,0.52,3300,0.49
2010-03-16,0.52,0.52,0.52,0.52,20000,0.49
2010-03-15,0.55,0.55,0.52,0.52,000,0.49
2010-03-12,0.56,0.56,0.52,0.52,000,0.49
2010-03-11,0.56,0.56,0.52,0.52,000,0.49
2010-03-10,0.55,0.56,0.55,0.56,40000,0.53
2010-03-09,0.56,0.56,0.53,0.53,000,0.50
2010-03-08,0.56,0.56,0.56,0.56,10000,0.52
2010-03-05,0.52,0.52,0.52,0.52,25000,0.49
2010-03-04,0.56,0.56,0.52,0.52,000,0.49
2010-03-03,0.56,0.56,0.51,0.51,000,0.48
2010-03-02,0.56,0.56,0.51,0.51,000,0.48
2010-03-01,0.51,0.51,0.51,0.51,10000,0.48
2010-02-26,0.56,0.56,0.51,0.51,000,0.48
2010-02-25,0.58,0.58,0.51,0.51,000,0.48
2010-02-24,0.51,0.51,0.51,0.51,3300,0.48
2010-02-23,0.59,0.59,0.51,0.51,000,0.48
2010-02-22,0.50,0.55,0.50,0.55,87200,0.51
2010-02-19,0.47,0.47,0.47,0.47,5000,0.44
2010-02-18,0.48,0.48,0.47,0.47,30000,0.44
2010-02-17,0.49,0.49,0.47,0.47,000,0.43
2010-02-15,0.48,0.48,0.47,0.47,000,0.43
2010-02-12,0.48,0.48,0.47,0.47,000,0.43
2010-02-11,0.47,0.47,0.47,0.47,54100,0.43
2010-02-10,0.49,0.49,0.47,0.47,000,0.44
2010-02-09,0.47,0.47,0.47,0.47,15100,0.43
2010-02-08,0.47,0.47,0.47,0.47,10000,0.44
2010-02-05,0.49,0.49,0.47,0.47,000,0.44
2010-02-04,0.49,0.49,0.47,0.47,000,0.44
2010-02-03,0.46,0.49,0.46,0.49,20000,0.45
2010-02-01,0.49,0.49,0.44,0.44,000,0.41
2010-01-29,0.45,0.45,0.44,0.44,40000,0.41
2010-01-28,0.46,0.46,0.46,0.46,30000,0.43
2010-01-27,0.49,0.49,0.46,0.46,000,0.43
2010-01-25,0.50,0.50,0.47,0.47,000,0.44
2010-01-22,0.49,0.49,0.49,0.49,10000,0.45
2010-01-21,0.48,0.49,0.48,0.49,40000,0.45
2010-01-19,0.50,0.50,0.47,0.47,000,0.43
2010-01-18,0.50,0.50,0.47,0.47,000,0.43
2010-01-15,0.49,0.49,0.49,0.49,4900,0.45
2010-01-14,0.46,0.46,0.46,0.46,51200,0.43
2010-01-13,0.46,0.46,0.46,0.46,22500,0.43
2010-01-12,0.49,0.49,0.46,0.46,000,0.43
2010-01-11,0.46,0.47,0.46,0.47,33200,0.44
2010-01-08,0.48,0.48,0.46,0.46,000,0.43
2010-01-07,0.46,0.46,0.46,0.46,10000,0.43
2010-01-05,0.49,0.49,0.44,0.44,000,0.41
2010-01-04,0.49,0.49,0.44,0.44,000,0.41
2009-12-31,0.44,0.44,0.43,0.43,35000,0.40
2009-12-29,0.44,0.44,0.44,0.44,5600,0.42
2009-12-23,0.44,0.44,0.44,0.44,20000,0.41
2009-12-22,0.50,0.50,0.44,0.44,000,0.42
2009-12-21,0.50,0.50,0.44,0.44,000,0.42
2009-12-18,0.47,0.47,0.47,0.47,29000,0.44
2009-12-17,0.50,0.50,0.47,0.47,000,0.44
2009-12-16,0.47,0.48,0.47,0.47,13000,0.44
2009-12-15,0.44,0.47,0.44,0.47,12200,0.44
2009-12-14,0.45,0.45,0.44,0.44,000,0.42
2009-12-11,0.45,0.45,0.45,0.45,3500,0.42
2009-12-10,0.47,0.47,0.45,0.45,000,0.42
2009-12-09,0.47,0.47,0.47,0.47,10000,0.43
2009-12-08,0.47,0.47,0.44,0.44,000,0.42
2009-12-07,0.44,0.44,0.44,0.44,10000,0.41
2009-12-04,0.49,0.49,0.44,0.44,000,0.41
2009-12-03,0.49,0.49,0.44,0.44,000,0.41
2009-12-02,0.49,0.49,0.44,0.44,000,0.41
2009-12-01,0.49,0.49,0.44,0.44,000,0.41
2009-11-30,0.49,0.49,0.43,0.43,000,0.40
2009-11-27,0.50,0.50,0.43,0.43,000,0.40
2009-11-26,0.50,0.50,0.43,0.43,000,0.40
2009-11-25,0.50,0.50,0.43,0.43,000,0.40
2009-11-24,0.50,0.50,0.43,0.43,000,0.40
2009-11-23,0.50,0.50,0.43,0.43,000,0.40
2009-11-19,0.43,0.43,0.43,0.43,12100,0.40
2009-11-18,0.50,0.50,0.43,0.43,000,0.40
2009-11-17,0.50,0.50,0.40,0.40,000,0.37
2009-11-16,0.50,0.50,0.40,0.40,000,0.37
2009-11-13,0.50,0.50,0.40,0.40,000,0.37
2009-11-12,0.50,0.50,0.40,0.40,000,0.37
2009-11-11,0.50,0.50,0.40,0.40,000,0.37
2009-11-10,0.40,0.40,0.40,0.40,000,0.37
2009-11-09,0.48,0.48,0.42,0.42,000,0.38
2009-11-06,0.48,0.48,0.42,0.42,000,0.38
2009-11-05,0.43,0.43,0.43,0.43,000,0.39
2009-11-04,0.43,0.43,0.43,0.43,20000,0.39
2009-11-03,0.43,0.43,0.43,0.43,000,0.39
2009-11-02,0.43,0.43,0.43,0.43,000,0.39
2009-10-30,0.43,0.43,0.43,0.43,000,0.39
2009-10-29,0.43,0.43,0.43,0.43,15600,0.39
2009-10-28,0.42,0.42,0.42,0.42,000,0.38
2009-10-27,0.42,0.42,0.42,0.42,000,0.38
2009-10-26,0.42,0.42,0.42,0.42,000,0.38
2009-10-23,0.42,0.42,0.42,0.42,000,0.38
2009-10-22,0.42,0.42,0.42,0.42,000,0.38
2009-10-21,0.42,0.42,0.42,0.42,50000,0.38
2009-10-20,0.42,0.42,0.42,0.42,000,0.38
2009-10-19,0.42,0.42,0.42,0.42,000,0.38
2009-10-16,0.43,0.43,0.42,0.42,86100,0.38
2009-10-15,0.41,0.41,0.41,0.41,000,0.38
2009-10-14,0.41,0.41,0.41,0.41,17100,0.38
2009-10-13,0.41,0.41,0.41,0.41,000,0.37
2009-10-12,0.41,0.41,0.41,0.41,000,0.37
2009-10-09,0.41,0.41,0.41,0.41,000,0.37
2009-10-08,0.41,0.41,0.41,0.41,1200,0.37
2009-10-07,0.41,0.41,0.41,0.41,000,0.37
2009-10-06,0.41,0.41,0.41,0.41,5000,0.37
2009-10-05,0.41,0.41,0.41,0.41,000,0.37
2009-10-02,0.41,0.41,0.41,0.41,2000,0.37
2009-10-01,0.41,0.41,0.41,0.41,000,0.37
2009-09-30,0.41,0.41,0.41,0.41,000,0.37
2009-09-29,0.41,0.41,0.41,0.41,7900,0.37
2009-09-28,0.40,0.40,0.40,0.40,000,0.36
2009-09-25,0.40,0.40,0.40,0.40,000,0.36
2009-09-24,0.40,0.40,0.40,0.40,000,0.36
2009-09-23,0.40,0.40,0.40,0.40,000,0.36
2009-09-22,0.40,0.40,0.40,0.40,000,0.36
2009-09-21,0.40,0.40,0.40,0.40,18000,0.36
2009-09-18,0.40,0.40,0.40,0.40,000,0.36
2009-09-17,0.40,0.40,0.40,0.40,000,0.36
2009-09-16,0.40,0.40,0.40,0.40,70000,0.36
2009-09-15,0.41,0.41,0.41,0.41,000,0.37
2009-09-14,0.41,0.41,0.41,0.41,1300,0.37
2009-09-11,0.41,0.41,0.41,0.41,000,0.37
2009-09-10,0.41,0.41,0.41,0.41,23200,0.37
2009-09-09,0.41,0.41,0.39,0.39,29300,0.35
2009-09-08,0.42,0.42,0.42,0.42,000,0.38
2009-09-07,0.42,0.42,0.42,0.42,000,0.38
2009-09-04,0.42,0.42,0.42,0.42,000,0.38
2009-09-03,0.42,0.42,0.42,0.42,20000,0.38
2009-09-02,0.38,0.38,0.38,0.38,000,0.34
2009-09-01,0.38,0.38,0.38,0.38,000,0.34
2009-08-31,0.38,0.38,0.38,0.38,000,0.34
2009-08-28,0.38,0.38,0.38,0.38,000,0.34
2009-08-27,0.38,0.38,0.38,0.38,000,0.34
2009-08-26,0.40,0.40,0.38,0.38,18800,0.34
2009-08-25,0.40,0.40,0.40,0.40,000,0.36
2009-08-24,0.40,0.40,0.40,0.40,000,0.36
2009-08-21,0.40,0.40,0.40,0.40,000,0.36
2009-08-20,0.40,0.40,0.40,0.40,000,0.36
2009-08-19,0.41,0.41,0.40,0.40,40000,0.36
2009-08-18,0.42,0.42,0.42,0.42,000,0.38
2009-08-17,0.42,0.42,0.42,0.42,000,0.38
2009-08-14,0.42,0.42,0.42,0.42,000,0.38
2009-08-13,0.42,0.42,0.42,0.42,4600,0.38
2009-08-12,0.40,0.40,0.40,0.40,000,0.36
2009-08-11,0.40,0.40,0.40,0.40,000,0.36
2009-08-10,0.40,0.40,0.40,0.40,000,0.36
2009-08-07,0.40,0.40,0.40,0.40,000,0.36
2009-08-06,0.40,0.40,0.40,0.40,000,0.36
2009-08-05,0.40,0.40,0.40,0.40,000,0.36
2009-08-04,0.40,0.40,0.40,0.40,000,0.36
2009-08-03,0.40,0.40,0.40,0.40,300,0.36
2009-07-31,0.42,0.42,0.42,0.42,40000,0.38
2009-07-30,0.42,0.42,0.42,0.42,5000,0.38
2009-07-29,0.49,0.49,0.49,0.49,000,0.44
2009-07-28,0.49,0.49,0.49,0.49,000,0.44
2009-07-27,0.49,0.49,0.49,0.49,000,0.44
2009-07-24,0.49,0.49,0.49,0.49,000,0.44
2009-07-23,0.49,0.49,0.49,0.49,000,0.44
2009-07-22,0.49,0.49,0.49,0.49,000,0.44
2009-07-21,0.49,0.49,0.49,0.49,000,0.44
2009-07-20,0.49,0.49,0.49,0.49,000,0.44
2009-07-17,0.49,0.49,0.49,0.49,000,0.44
2009-07-16,0.49,0.49,0.49,0.49,000,0.44
2009-07-15,0.49,0.49,0.49,0.49,000,0.44
2009-07-14,0.49,0.49,0.49,0.49,000,0.44
2009-07-13,0.49,0.49,0.49,0.49,000,0.44
2009-07-10,0.49,0.49,0.49,0.49,000,0.44
2009-07-09,0.49,0.49,0.49,0.49,000,0.44
2009-07-08,0.49,0.49,0.49,0.49,000,0.44
2009-07-07,0.49,0.49,0.49,0.49,000,0.44
2009-07-06,0.49,0.49,0.49,0.49,000,0.44
2009-07-03,0.49,0.49,0.49,0.49,000,0.44
2009-07-02,0.49,0.49,0.49,0.49,000,0.44
2009-07-01,0.49,0.49,0.49,0.49,000,0.44
2009-06-30,0.49,0.49,0.49,0.49,9900,0.44
2009-06-29,0.44,0.49,0.44,0.49,753800,0.44
2009-06-26,0.44,0.44,0.44,0.44,000,0.40
2009-06-25,0.44,0.44,0.44,0.44,000,0.40
2009-06-24,0.44,0.44,0.44,0.44,000,0.40
2009-06-23,0.44,0.44,0.44,0.44,000,0.40
2009-06-22,0.44,0.44,0.44,0.44,000,0.40
2009-06-19,0.44,0.44,0.44,0.44,4000,0.40
2009-06-18,0.36,0.36,0.36,0.36,000,0.33
2009-06-17,0.36,0.36,0.36,0.36,000,0.33
2009-06-16,0.36,0.36,0.36,0.36,000,0.33
2009-06-15,0.36,0.36,0.36,0.36,000,0.33
2009-06-12,0.36,0.36,0.36,0.36,000,0.33
2009-06-11,0.36,0.36,0.36,0.36,000,0.33
2009-06-10,0.36,0.36,0.36,0.36,000,0.33
2009-06-09,0.36,0.36,0.36,0.36,000,0.33
2009-06-05,0.36,0.36,0.36,0.36,000,0.33
2009-06-04,0.36,0.36,0.36,0.36,4000,0.33
2009-06-03,0.36,0.36,0.33,0.33,000,0.30
2009-06-02,0.36,0.36,0.33,0.33,000,0.30
2009-06-01,0.36,0.36,0.33,0.33,000,0.30
2009-05-29,0.36,0.36,0.33,0.33,000,0.30
2009-05-28,0.36,0.36,0.33,0.33,000,0.30
2009-05-27,0.36,0.36,0.33,0.33,000,0.30
2009-05-26,0.34,0.34,0.34,0.34,10000,0.31
2009-05-25,0.36,0.36,0.34,0.34,000,0.31
2009-05-22,0.36,0.36,0.34,0.34,000,0.31
2009-05-21,0.36,0.36,0.34,0.34,000,0.31
2009-05-20,0.36,0.36,0.34,0.34,000,0.31
2009-05-19,0.36,0.36,0.34,0.34,000,0.31
2009-05-18,0.36,0.36,0.34,0.34,000,0.31
2009-05-15,0.36,0.36,0.34,0.34,000,0.31
2009-05-14,0.36,0.36,0.34,0.34,000,0.31
2009-05-13,0.36,0.36,0.32,0.32,000,0.29
2009-05-12,0.36,0.36,0.32,0.32,000,0.29
2009-05-11,0.36,0.36,0.32,0.32,000,0.29
2009-05-08,0.36,0.36,0.32,0.32,000,0.29
2009-05-07,0.33,0.33,0.32,0.33,150000,0.30
2009-05-06,0.31,0.31,0.31,0.31,000,0.28
2009-05-05,0.31,0.31,0.31,0.31,000,0.28
2009-05-04,0.31,0.31,0.31,0.31,000,0.28
2009-05-01,0.31,0.31,0.31,0.31,8800,0.28
2009-04-30,0.36,0.36,0.31,0.31,000,0.28
2009-04-29,0.36,0.36,0.31,0.31,000,0.28
2009-04-28,0.36,0.36,0.31,0.31,000,0.28
2009-04-27,0.36,0.36,0.31,0.31,000,0.28
2009-04-24,0.36,0.36,0.31,0.31,000,0.28
2009-04-23,0.36,0.36,0.31,0.31,000,0.28
2009-04-22,0.36,0.36,0.30,0.30,000,0.27
2009-04-21,0.36,0.36,0.30,0.30,000,0.27
2009-04-20,0.36,0.36,0.30,0.30,000,0.27
2009-04-17,0.31,0.31,0.30,0.30,58600,0.27
2009-04-16,0.31,0.31,0.31,0.31,7000,0.28
2009-04-15,0.32,0.32,0.32,0.32,4000,0.29
2009-04-14,0.32,0.32,0.32,0.32,20000,0.29
2009-04-09,0.32,0.32,0.32,0.32,30000,0.29
2009-04-08,0.35,0.35,0.35,0.35,000,0.32
2009-04-07,0.35,0.35,0.35,0.35,000,0.32
2009-04-06,0.35,0.35,0.35,0.35,000,0.32
2009-04-03,0.35,0.35,0.35,0.35,000,0.32
2009-04-02,0.35,0.35,0.35,0.35,000,0.32
2009-04-01,0.35,0.35,0.35,0.35,000,0.32
2009-03-31,0.35,0.35,0.35,0.35,000,0.32
2009-03-30,0.35,0.35,0.35,0.35,000,0.32
2009-03-27,0.35,0.35,0.35,0.35,000,0.32
2009-03-26,0.35,0.35,0.35,0.35,20000,0.32
2009-03-25,0.36,0.36,0.30,0.30,000,0.27
2009-03-24,0.36,0.36,0.30,0.30,000,0.27
2009-03-23,0.36,0.36,0.30,0.30,000,0.27
2009-03-20,0.36,0.36,0.30,0.30,000,0.27
2009-03-19,0.36,0.36,0.30,0.30,000,0.27
2009-03-18,0.36,0.36,0.30,0.30,000,0.27
2009-03-17,0.30,0.30,0.30,0.30,24100,0.27
2009-03-16,0.30,0.30,0.30,0.30,50000,0.27
2009-03-13,0.30,0.30,0.30,0.30,000,0.27
2009-03-12,0.30,0.30,0.30,0.30,000,0.27
2009-03-11,0.30,0.30,0.30,0.30,000,0.27
2009-03-10,0.30,0.30,0.30,0.30,000,0.27
2009-03-09,0.30,0.30,0.30,0.30,000,0.27
2009-03-06,0.30,0.30,0.30,0.30,000,0.27
2009-03-05,0.30,0.30,0.30,0.30,000,0.27
2009-03-04,0.30,0.30,0.30,0.30,5000,0.27
2009-03-03,0.30,0.30,0.30,0.30,000,0.27
2009-03-02,0.30,0.30,0.30,0.30,000,0.27
2009-02-27,0.30,0.30,0.30,0.30,000,0.27
2009-02-26,0.30,0.30,0.30,0.30,10000,0.27
2009-02-25,0.30,0.30,0.30,0.30,10000,0.27
2009-02-24,0.36,0.36,0.36,0.36,000,0.33
2009-02-23,0.36,0.36,0.36,0.36,000,0.33
2009-02-20,0.36,0.36,0.36,0.36,000,0.33
2009-02-19,0.36,0.36,0.36,0.36,000,0.33
2009-02-18,0.36,0.36,0.36,0.36,000,0.33
2009-02-17,0.36,0.36,0.36,0.36,000,0.33
2009-02-16,0.36,0.36,0.36,0.36,000,0.33
2009-02-13,0.36,0.36,0.36,0.36,000,0.33
2009-02-12,0.36,0.36,0.36,0.36,000,0.33
2009-02-11,0.36,0.36,0.36,0.36,000,0.33
2009-02-10,0.36,0.36,0.36,0.36,000,0.33
2009-02-09,0.36,0.36,0.36,0.36,000,0.33
2009-02-06,0.36,0.36,0.36,0.36,000,0.33
2009-02-05,0.36,0.36,0.36,0.36,000,0.33
2009-02-04,0.36,0.36,0.36,0.36,000,0.33
2009-02-03,0.36,0.36,0.36,0.36,000,0.33
2009-02-02,0.36,0.36,0.36,0.36,000,0.33
2009-01-30,0.36,0.36,0.36,0.36,000,0.33
2009-01-29,0.36,0.36,0.36,0.36,000,0.33
2009-01-28,0.36,0.36,0.36,0.36,000,0.33
2009-01-27,0.36,0.36,0.36,0.36,000,0.33
2009-01-23,0.36,0.36,0.36,0.36,000,0.33
2009-01-22,0.36,0.36,0.36,0.36,000,0.33
2009-01-21,0.36,0.36,0.36,0.36,000,0.33
2009-01-20,0.36,0.36,0.36,0.36,000,0.33
2009-01-19,0.36,0.36,0.36,0.36,000,0.33
2009-01-16,0.36,0.36,0.36,0.36,000,0.33
2009-01-15,0.36,0.36,0.36,0.36,000,0.33
2009-01-14,0.36,0.36,0.36,0.36,000,0.33
2009-01-13,0.36,0.36,0.36,0.36,000,0.33
2009-01-12,0.36,0.36,0.36,0.36,000,0.33
2009-01-09,0.36,0.36,0.36,0.36,000,0.33
2009-01-08,0.36,0.36,0.36,0.36,000,0.33
2009-01-07,0.36,0.36,0.36,0.36,44800,0.33
2009-01-06,0.38,0.38,0.38,0.38,5200,0.34
2009-01-05,0.40,0.40,0.38,0.38,000,0.34
2009-01-02,0.40,0.40,0.38,0.38,000,0.34
2008-12-31,0.40,0.40,0.38,0.38,000,0.34
2008-12-30,0.40,0.40,0.38,0.38,000,0.34
2008-12-29,0.40,0.40,0.38,0.38,000,0.34
2008-12-24,0.37,0.37,0.37,0.37,000,0.33
2008-12-23,0.37,0.37,0.37,0.37,000,0.33
2008-12-22,0.40,0.40,0.35,0.35,000,0.32
2008-12-19,0.40,0.40,0.35,0.35,000,0.32
2008-12-18,0.38,0.38,0.37,0.37,110000,0.33
2008-12-17,0.37,0.37,0.37,0.37,1100,0.33
2008-12-16,0.38,0.40,0.37,0.40,22800,0.36
2008-12-15,0.40,0.40,0.38,0.38,000,0.34
2008-12-12,0.40,0.40,0.35,0.35,000,0.32
2008-12-11,0.37,0.37,0.37,0.37,000,0.33
2008-12-10,0.37,0.37,0.37,0.37,000,0.33
2008-12-09,0.37,0.37,0.37,0.37,000,0.33
2008-12-08,0.37,0.37,0.37,0.37,000,0.33
2008-12-05,0.37,0.37,0.37,0.37,000,0.33
2008-12-04,0.37,0.37,0.37,0.37,000,0.33
2008-12-03,0.37,0.37,0.37,0.37,000,0.33
2008-12-02,0.37,0.37,0.37,0.37,000,0.33
2008-12-01,0.37,0.37,0.37,0.37,000,0.33
2008-11-28,0.37,0.37,0.37,0.37,000,0.33
2008-11-27,0.37,0.37,0.37,0.37,000,0.33
2008-11-26,0.37,0.37,0.37,0.37,000,0.33
2008-11-25,0.37,0.37,0.37,0.37,000,0.33
2008-11-24,0.37,0.37,0.37,0.37,000,0.33
2008-11-21,0.37,0.37,0.37,0.37,000,0.33
2008-11-20,0.37,0.37,0.37,0.37,27100,0.33
2008-11-19,0.44,0.44,0.43,0.43,4500,0.39
2008-11-18,0.45,0.45,0.45,0.45,000,0.41
2008-11-17,0.45,0.45,0.45,0.45,000,0.41
2008-11-14,0.45,0.45,0.45,0.45,000,0.41
2008-11-13,0.45,0.45,0.45,0.45,000,0.41
2008-11-12,0.47,0.47,0.45,0.45,9000,0.41
2008-11-11,0.40,0.40,0.40,0.40,000,0.36
2008-11-10,0.40,0.40,0.40,0.40,000,0.34
2008-11-07,0.40,0.40,0.40,0.40,000,0.34
2008-11-06,0.40,0.40,0.40,0.40,000,0.34
2008-11-05,0.40,0.40,0.40,0.40,000,0.34
2008-11-04,0.40,0.40,0.40,0.40,000,0.34
2008-11-03,0.40,0.40,0.40,0.40,12500,0.34
2008-10-31,0.37,0.37,0.37,0.37,000,0.32
2008-10-30,0.45,0.45,0.37,0.37,000,0.32
2008-10-29,0.45,0.45,0.37,0.37,000,0.32
2008-10-28,0.45,0.45,0.37,0.37,000,0.32
2008-10-27,0.37,0.37,0.37,0.37,32000,0.32
2008-10-24,0.45,0.45,0.37,0.37,000,0.32
2008-10-23,0.45,0.45,0.37,0.37,000,0.32
2008-10-22,0.38,0.38,0.37,0.37,8500,0.32
2008-10-21,0.43,0.43,0.38,0.38,000,0.32
2008-10-20,0.37,0.37,0.37,0.37,1800,0.32
2008-10-17,0.49,0.49,0.37,0.37,000,0.32
2008-10-16,0.49,0.49,0.37,0.37,000,0.32
2008-10-15,0.49,0.49,0.37,0.37,000,0.32
2008-10-14,0.39,0.39,0.36,0.36,100,0.31
2008-10-13,0.39,0.39,0.39,0.39,4400,0.33
2008-10-10,0.40,0.40,0.39,0.39,30000,0.33
2008-10-09,0.40,0.41,0.40,0.41,41000,0.35
2008-10-08,0.42,0.42,0.42,0.42,30000,0.36
2008-10-07,0.40,0.40,0.40,0.40,000,0.34
2008-10-06,0.41,0.41,0.40,0.40,15000,0.34
2008-10-03,0.45,0.45,0.45,0.45,000,0.39
2008-10-02,0.45,0.45,0.45,0.45,30000,0.39
2008-10-01,0.46,0.46,0.46,0.46,000,0.40
2008-09-30,0.46,0.46,0.46,0.46,000,0.40
2008-09-29,0.46,0.46,0.46,0.46,000,0.40
2008-09-26,0.46,0.46,0.46,0.46,000,0.40
2008-09-25,0.46,0.46,0.46,0.46,8000,0.40
2008-09-24,0.41,0.41,0.41,0.41,20000,0.35
2008-09-23,0.50,0.50,0.50,0.50,000,0.43
2008-09-22,0.50,0.50,0.50,0.50,000,0.43
2008-09-19,0.50,0.50,0.50,0.50,000,0.43
2008-09-18,0.50,0.50,0.50,0.50,000,0.43
2008-09-17,0.50,0.50,0.50,0.50,000,0.43
2008-09-16,0.50,0.50,0.50,0.50,000,0.43
2008-09-15,0.50,0.50,0.50,0.50,000,0.43
2008-09-12,0.50,0.50,0.50,0.50,000,0.43
2008-09-11,0.50,0.50,0.50,0.50,000,0.43
2008-09-10,0.50,0.50,0.50,0.50,20000,0.43
2008-09-09,0.45,0.45,0.45,0.45,16500,0.39
2008-09-08,0.60,0.60,0.45,0.45,000,0.39
2008-09-05,0.45,0.45,0.45,0.45,3400,0.39
2008-09-04,0.45,0.45,0.45,0.45,21000,0.39
2008-09-03,0.40,0.40,0.40,0.40,000,0.34
2008-09-02,0.40,0.40,0.40,0.40,000,0.34
2008-09-01,0.45,0.45,0.40,0.40,000,0.34
2008-08-29,0.40,0.40,0.40,0.40,1200,0.34
2008-08-28,0.40,0.40,0.40,0.40,000,0.34
2008-08-27,0.40,0.40,0.40,0.40,000,0.34
2008-08-26,0.40,0.40,0.40,0.40,39200,0.34
2008-08-25,0.45,0.45,0.45,0.45,000,0.39
2008-08-22,0.45,0.45,0.45,0.45,000,0.39
2008-08-21,0.45,0.45,0.45,0.45,000,0.39
2008-08-20,0.45,0.45,0.45,0.45,000,0.39
2008-08-19,0.45,0.45,0.45,0.45,000,0.39
2008-08-18,0.45,0.45,0.45,0.45,000,0.39
2008-08-15,0.46,0.46,0.45,0.45,40000,0.39
2008-08-14,0.50,0.50,0.45,0.45,000,0.39
2008-08-13,0.45,0.45,0.45,0.45,5000,0.39
2008-08-12,0.49,0.49,0.49,0.49,000,0.42
2008-08-11,0.49,0.49,0.49,0.49,000,0.42
2008-08-08,0.49,0.49,0.49,0.49,000,0.42
2008-08-07,0.49,0.49,0.49,0.49,30000,0.42
2008-08-06,0.48,0.48,0.48,0.48,000,0.41
2008-08-05,0.48,0.48,0.48,0.48,000,0.41
2008-08-04,0.48,0.48,0.48,0.48,000,0.41
2008-08-01,0.48,0.48,0.48,0.48,000,0.41
2008-07-31,0.48,0.48,0.48,0.48,000,0.41
2008-07-30,0.48,0.48,0.48,0.48,000,0.41
2008-07-29,0.48,0.48,0.48,0.48,3000,0.41
2008-07-28,0.50,0.50,0.48,0.48,000,0.41
2008-07-25,0.49,0.49,0.49,0.49,20000,0.42
2008-07-24,0.56,0.56,0.49,0.49,000,0.42
2008-07-23,0.56,0.56,0.48,0.48,000,0.41
2008-07-22,0.48,0.48,0.48,0.48,5000,0.41
2008-07-21,0.48,0.48,0.48,0.48,5500,0.41
2008-07-18,0.57,0.57,0.48,0.48,000,0.41
2008-07-17,0.49,0.49,0.49,0.49,2000,0.42
2008-07-16,0.49,0.49,0.49,0.49,5000,0.42
2008-07-15,0.49,0.49,0.48,0.48,8000,0.41
2008-07-14,0.65,0.65,0.49,0.49,000,0.42
2008-07-11,0.65,0.65,0.49,0.49,000,0.42
2008-07-10,0.65,0.65,0.49,0.49,000,0.42
2008-07-09,0.65,0.65,0.48,0.48,000,0.41
2008-07-08,0.65,0.65,0.48,0.48,000,0.41
2008-07-07,0.65,0.65,0.48,0.48,000,0.41
2008-07-04,0.65,0.65,0.48,0.48,000,0.41
2008-07-03,0.65,0.65,0.48,0.48,000,0.41
2008-07-02,0.55,0.55,0.48,0.48,000,0.41
2008-07-01,0.55,0.55,0.48,0.48,000,0.41
2008-06-30,0.50,0.50,0.48,0.48,159600,0.41
2008-06-27,0.65,0.65,0.49,0.49,000,0.42
2008-06-26,0.50,0.50,0.50,0.50,10000,0.43
2008-06-25,0.65,0.65,0.49,0.49,000,0.42
2008-06-24,0.65,0.65,0.49,0.49,000,0.42
2008-06-23,0.58,0.58,0.49,0.49,000,0.42
2008-06-20,0.49,0.49,0.49,0.49,7500,0.42
2008-06-19,0.58,0.58,0.49,0.49,000,0.42
2008-06-18,0.58,0.58,0.49,0.49,000,0.42
2008-06-17,0.58,0.58,0.49,0.49,000,0.42
2008-06-16,0.58,0.58,0.49,0.49,000,0.42
2008-06-13,0.49,0.49,0.49,0.49,42000,0.42
2008-06-12,0.48,0.48,0.48,0.48,50000,0.41
2008-06-11,0.60,0.60,0.60,0.60,000,0.52
2008-06-10,0.60,0.60,0.60,0.60,000,0.52
2008-06-06,0.60,0.60,0.60,0.60,000,0.52
2008-06-05,0.60,0.60,0.60,0.60,000,0.52
2008-06-04,0.60,0.60,0.60,0.60,000,0.52
2008-06-03,0.60,0.60,0.60,0.60,000,0.52
2008-06-02,0.60,0.60,0.60,0.60,000,0.52
2008-05-30,0.60,0.60,0.60,0.60,000,0.52
2008-05-29,0.60,0.60,0.60,0.60,000,0.52
2008-05-28,0.60,0.60,0.60,0.60,000,0.52
2008-05-27,0.60,0.60,0.60,0.60,000,0.52
2008-05-26,0.60,0.60,0.60,0.60,000,0.52
2008-05-23,0.60,0.60,0.60,0.60,000,0.52
2008-05-22,0.60,0.60,0.60,0.60,000,0.52
2008-05-21,0.60,0.60,0.60,0.60,000,0.52
2008-05-20,0.60,0.60,0.60,0.60,000,0.52
2008-05-19,0.60,0.60,0.60,0.60,000,0.52
2008-05-16,0.60,0.60,0.60,0.60,000,0.52
2008-05-15,0.60,0.60,0.60,0.60,000,0.52
2008-05-14,0.60,0.60,0.60,0.60,000,0.52
2008-05-13,0.60,0.60,0.60,0.60,000,0.52
2008-05-12,0.60,0.60,0.60,0.60,000,0.52
2008-05-09,0.60,0.60,0.60,0.60,000,0.52
2008-05-08,0.60,0.60,0.60,0.60,000,0.52
2008-05-07,0.60,0.60,0.60,0.60,000,0.52
2008-05-06,0.60,0.60,0.60,0.60,000,0.52
2008-05-05,0.60,0.60,0.60,0.60,000,0.52
2008-05-02,0.60,0.60,0.60,0.60,000,0.52
2008-05-01,0.60,0.60,0.60,0.60,000,0.52
2008-04-30,0.60,0.60,0.60,0.60,000,0.52
2008-04-29,0.56,0.60,0.56,0.60,35000,0.52
2008-04-28,0.60,0.60,0.56,0.56,000,0.48
2008-04-24,0.56,0.56,0.56,0.56,000,0.48
2008-04-23,0.56,0.56,0.56,0.56,000,0.48
2008-04-22,0.56,0.56,0.56,0.56,000,0.48
2008-04-21,0.56,0.56,0.56,0.56,000,0.48
2008-04-18,0.56,0.56,0.56,0.56,000,0.48
2008-04-17,0.56,0.56,0.56,0.56,000,0.48
2008-04-16,0.56,0.56,0.56,0.56,10000,0.48
2008-04-15,0.65,0.65,0.54,0.54,000,0.46
2008-04-14,0.56,0.56,0.56,0.56,5000,0.48
2008-04-11,0.58,0.58,0.56,0.56,000,0.48
2008-04-10,0.58,0.58,0.56,0.56,000,0.48
2008-04-09,0.62,0.62,0.56,0.56,000,0.48
2008-04-08,0.56,0.56,0.56,0.56,5000,0.48
2008-04-07,0.57,0.57,0.55,0.56,106000,0.48
2008-04-04,0.58,0.58,0.58,0.58,347800,0.50
2008-04-03,0.62,0.62,0.56,0.56,000,0.48
2008-04-02,0.62,0.62,0.56,0.56,000,0.48
2008-04-01,0.62,0.62,0.56,0.56,000,0.48
2008-03-31,0.58,0.58,0.58,0.58,000,0.50
2008-03-28,0.62,0.62,0.57,0.57,000,0.49
2008-03-27,0.62,0.62,0.57,0.57,000,0.49
2008-03-26,0.62,0.62,0.57,0.57,000,0.49
2008-03-25,0.57,0.60,0.57,0.58,30000,0.50
2008-03-20,0.57,0.57,0.55,0.55,000,0.47
2008-03-19,0.57,0.57,0.57,0.57,7000,0.49
2008-03-18,0.65,0.65,0.57,0.57,000,0.49
2008-03-17,0.59,0.59,0.57,0.57,16100,0.49
2008-03-14,0.65,0.65,0.59,0.59,000,0.51
2008-03-13,0.65,0.65,0.59,0.59,000,0.51
2008-03-12,0.59,0.59,0.59,0.59,6800,0.51
2008-03-11,0.65,0.65,0.59,0.59,000,0.51
2008-03-10,0.65,0.65,0.59,0.59,000,0.51
2008-03-07,0.66,0.66,0.58,0.58,000,0.50
2008-03-06,0.66,0.66,0.58,0.58,000,0.50
2008-03-05,0.60,0.60,0.60,0.60,10000,0.52
2008-03-04,0.66,0.66,0.60,0.60,000,0.52
2008-03-03,0.66,0.66,0.60,0.60,000,0.52
2008-02-29,0.63,0.63,0.62,0.62,55000,0.53
2008-02-28,0.61,0.63,0.61,0.63,53100,0.54
2008-02-27,0.66,0.66,0.60,0.63,40000,0.54
2008-02-26,0.68,0.68,0.66,0.66,53000,0.57
2008-02-25,0.70,0.70,0.70,0.70,20000,0.60
2008-02-22,0.67,0.67,0.64,0.64,58600,0.55
2008-02-21,0.68,0.68,0.68,0.68,10000,0.58
2008-02-20,0.68,0.68,0.66,0.66,000,0.57
2008-02-19,0.68,0.68,0.66,0.66,49200,0.57
2008-02-18,0.68,0.68,0.68,0.68,50000,0.58
2008-02-15,0.71,0.71,0.71,0.71,000,0.61
2008-02-14,0.71,0.71,0.71,0.71,000,0.61
2008-02-13,0.71,0.71,0.71,0.71,000,0.61
2008-02-12,0.71,0.71,0.71,0.71,000,0.61
2008-02-11,0.71,0.71,0.71,0.71,10000,0.61
2008-02-08,0.68,0.68,0.68,0.68,000,0.58
2008-02-07,0.68,0.68,0.68,0.68,000,0.58
2008-02-06,0.68,0.68,0.68,0.68,000,0.58
2008-02-05,0.68,0.68,0.68,0.68,000,0.58
2008-02-04,0.68,0.68,0.68,0.68,000,0.58
2008-02-01,0.68,0.68,0.68,0.68,000,0.58
2008-01-31,0.68,0.68,0.68,0.68,000,0.58
2008-01-30,0.68,0.68,0.68,0.68,000,0.58
2008-01-29,0.68,0.68,0.68,0.68,000,0.58
2008-01-25,0.68,0.68,0.68,0.68,000,0.58
2008-01-24,0.68,0.68,0.68,0.68,000,0.58
2008-01-23,0.68,0.68,0.68,0.68,000,0.58
2008-01-22,0.69,0.69,0.68,0.68,17800,0.58
2008-01-21,0.75,0.75,0.69,0.69,000,0.59
2008-01-18,0.69,0.69,0.69,0.69,10000,0.59
2008-01-17,0.75,0.75,0.75,0.75,000,0.64
2008-01-16,0.75,0.75,0.75,0.75,000,0.64
2008-01-15,0.75,0.75,0.75,0.75,000,0.64
2008-01-14,0.75,0.75,0.75,0.75,000,0.64
2008-01-11,0.75,0.75,0.75,0.75,000,0.64
2008-01-10,0.75,0.75,0.75,0.75,7000,0.64
2008-01-09,0.75,0.75,0.75,0.75,20000,0.64
2008-01-08,0.75,0.76,0.75,0.76,47100,0.65
2008-01-07,0.90,0.90,0.75,0.75,000,0.65
2008-01-04,0.85,0.85,0.75,0.75,000,0.64
2008-01-03,0.85,0.85,0.75,0.75,000,0.64
2008-01-02,0.85,0.85,0.75,0.75,000,0.64
2007-12-31,0.85,0.85,0.75,0.75,000,0.64
2007-12-28,0.85,0.85,0.75,0.75,000,0.64
2007-12-27,0.85,0.85,0.75,0.75,000,0.64
2007-12-24,0.75,0.75,0.75,0.75,7100,0.64
2007-12-21,0.76,0.76,0.75,0.75,7100,0.65
2007-12-20,0.82,0.82,0.76,0.76,000,0.65
2007-12-19,0.85,0.85,0.75,0.75,000,0.64
2007-12-18,0.73,0.74,0.70,0.73,78900,0.63
2007-12-17,0.71,0.71,0.71,0.71,50000,0.61
2007-12-14,0.73,0.73,0.71,0.71,000,0.61
2007-12-13,0.73,0.73,0.73,0.73,8900,0.63
2007-12-12,0.73,0.73,0.71,0.71,000,0.61
2007-12-11,0.71,0.71,0.71,0.71,2300,0.61
2007-12-10,0.73,0.73,0.71,0.71,32600,0.61
2007-12-07,0.73,0.73,0.72,0.72,000,0.62
2007-12-06,0.72,0.72,0.72,0.72,4400,0.62
2007-12-05,0.72,0.72,0.72,0.72,20000,0.62
2007-12-04,0.73,0.73,0.72,0.72,000,0.62
2007-12-03,0.73,0.73,0.72,0.72,000,0.62
2007-11-30,0.75,0.75,0.75,0.75,000,0.64
2007-11-29,0.75,0.75,0.75,0.75,7000,0.64
2007-11-28,0.75,0.75,0.70,0.70,000,0.60
2007-11-27,0.75,0.75,0.70,0.70,000,0.60
2007-11-26,0.73,0.73,0.73,0.73,2100,0.63
2007-11-23,0.72,0.73,0.72,0.73,557900,0.63
2007-11-22,0.73,0.73,0.73,0.73,18400,0.63
2007-11-21,0.73,0.73,0.73,0.73,10000,0.63
2007-11-20,0.73,0.73,0.72,0.72,000,0.62
2007-11-19,0.72,0.72,0.72,0.72,17000,0.62
2007-11-16,0.72,0.72,0.72,0.72,7000,0.62
2007-11-15,0.72,0.72,0.72,0.72,13000,0.62
2007-11-14,0.73,0.73,0.73,0.73,40000,0.63
2007-11-13,0.74,0.74,0.71,0.71,000,0.61
2007-11-12,0.70,0.70,0.70,0.70,13000,0.60
2007-11-09,0.78,0.78,0.77,0.77,000,0.64
2007-11-08,0.75,0.75,0.75,0.75,23200,0.63
2007-11-07,0.78,0.78,0.78,0.78,20000,0.65
2007-11-06,0.79,0.79,0.75,0.75,000,0.62
2007-11-05,0.79,0.79,0.74,0.74,000,0.62
2007-11-02,0.74,0.74,0.74,0.74,30000,0.62
2007-11-01,0.78,0.78,0.74,0.74,000,0.62
2007-10-31,0.79,0.79,0.74,0.74,000,0.62
2007-10-30,0.79,0.79,0.74,0.74,000,0.62
2007-10-29,0.77,0.77,0.77,0.77,58800,0.64
2007-10-26,0.77,0.77,0.74,0.74,000,0.62
2007-10-25,0.77,0.77,0.74,0.74,000,0.62
2007-10-24,0.74,0.74,0.74,0.74,24500,0.62
2007-10-23,0.77,0.77,0.74,0.74,000,0.62
2007-10-22,0.77,0.77,0.74,0.74,000,0.62
2007-10-19,0.77,0.77,0.74,0.74,000,0.62
2007-10-18,0.77,0.77,0.74,0.74,000,0.61
2007-10-17,0.77,0.77,0.74,0.74,000,0.61
2007-10-16,0.77,0.77,0.74,0.74,000,0.61
2007-10-15,0.74,0.74,0.74,0.74,5200,0.62
2007-10-12,0.75,0.75,0.75,0.75,24700,0.63
2007-10-11,0.75,0.75,0.75,0.75,1300,0.63
2007-10-10,0.79,0.79,0.73,0.73,000,0.61
2007-10-09,0.79,0.79,0.73,0.73,000,0.61
2007-10-08,0.79,0.79,0.73,0.73,000,0.61
2007-10-05,0.79,0.79,0.73,0.73,000,0.61
2007-10-04,0.79,0.79,0.73,0.73,000,0.61
2007-10-03,0.73,0.73,0.73,0.73,53000,0.61
2007-10-02,0.80,0.80,0.80,0.80,000,0.67
2007-10-01,0.80,0.80,0.80,0.80,000,0.67
2007-09-28,0.80,0.80,0.80,0.80,500,0.67
2007-09-27,0.80,0.80,0.80,0.80,2600,0.67
2007-09-26,0.76,0.76,0.76,0.76,400,0.63
2007-09-25,0.73,0.73,0.73,0.73,12300,0.61
2007-09-24,0.73,0.73,0.73,0.73,7600,0.61
2007-09-21,0.73,0.73,0.71,0.71,000,0.60
2007-09-20,0.75,0.75,0.71,0.71,000,0.60
2007-09-19,0.75,0.75,0.71,0.71,000,0.60
2007-09-18,0.75,0.75,0.71,0.71,000,0.60
2007-09-17,0.70,0.71,0.70,0.71,18300,0.60
2007-09-14,0.75,0.75,0.70,0.70,000,0.58
2007-09-13,0.75,0.75,0.68,0.68,000,0.57
2007-09-12,0.77,0.77,0.68,0.68,000,0.57
2007-09-11,0.68,0.68,0.68,0.68,2000,0.57
2007-09-10,0.74,0.74,0.74,0.74,000,0.62
2007-09-07,0.74,0.74,0.74,0.74,000,0.62
2007-09-06,0.74,0.74,0.74,0.74,000,0.62
2007-09-05,0.74,0.74,0.74,0.74,000,0.62
2007-09-04,0.74,0.74,0.74,0.74,13000,0.62
2007-09-03,0.74,0.74,0.70,0.70,000,0.58
2007-08-31,0.74,0.74,0.70,0.70,000,0.58
2007-08-30,0.73,0.73,0.73,0.73,20000,0.61
2007-08-29,0.74,0.74,0.74,0.74,27000,0.62
2007-08-28,0.73,0.74,0.73,0.74,19600,0.62
2007-08-27,0.73,0.73,0.73,0.73,000,0.61
2007-08-24,0.73,0.73,0.73,0.73,000,0.61
2007-08-23,0.74,0.74,0.73,0.73,2500,0.61
2007-08-22,0.73,0.73,0.73,0.73,24400,0.61
2007-08-21,0.72,0.72,0.72,0.72,000,0.60
2007-08-20,0.72,0.72,0.72,0.72,6500,0.60
2007-08-17,0.72,0.72,0.72,0.72,10000,0.60
2007-08-16,0.73,0.73,0.72,0.72,13400,0.60
2007-08-15,0.74,0.74,0.74,0.74,30000,0.62
2007-08-14,0.78,0.78,0.78,0.78,000,0.65
2007-08-13,0.78,0.78,0.78,0.78,000,0.65
2007-08-10,0.78,0.78,0.78,0.78,000,0.65
2007-08-09,0.78,0.78,0.78,0.78,000,0.65
2007-08-08,0.78,0.78,0.78,0.78,000,0.65
2007-08-07,0.78,0.78,0.78,0.78,000,0.65
2007-08-06,0.78,0.78,0.78,0.78,000,0.65
2007-08-03,0.78,0.78,0.78,0.78,000,0.65
2007-08-02,0.78,0.78,0.78,0.78,000,0.65
2007-08-01,0.78,0.78,0.78,0.78,000,0.65
2007-07-31,0.78,0.78,0.78,0.78,000,0.65
2007-07-30,0.78,0.78,0.78,0.78,000,0.65
2007-07-27,0.77,0.77,0.75,0.75,000,0.63
2007-07-26,0.77,0.77,0.75,0.75,000,0.63
2007-07-25,0.77,0.78,0.77,0.78,20000,0.65
2007-07-24,0.77,0.77,0.77,0.77,5000,0.64
2007-07-23,0.78,0.78,0.78,0.78,10000,0.65
2007-07-20,0.85,0.85,0.78,0.78,000,0.65
2007-07-19,0.85,0.85,0.78,0.78,000,0.65
2007-07-18,0.80,0.80,0.77,0.77,000,0.64
2007-07-17,0.80,0.80,0.80,0.80,10000,0.67
2007-07-16,0.80,0.80,0.80,0.80,20000,0.67
2007-07-13,0.85,0.85,0.76,0.76,000,0.63
2007-07-12,0.85,0.85,0.75,0.75,000,0.63
2007-07-11,0.85,0.85,0.75,0.75,000,0.63
2007-07-10,0.85,0.85,0.75,0.75,000,0.63
2007-07-09,0.85,0.85,0.75,0.75,000,0.63
2007-07-06,0.86,0.86,0.75,0.75,000,0.63
2007-07-05,0.75,0.77,0.75,0.77,42900,0.64
2007-07-04,0.77,0.77,0.75,0.75,000,0.63
2007-07-03,0.77,0.77,0.75,0.75,000,0.63
2007-07-02,0.77,0.77,0.77,0.77,000,0.64
2007-06-29,0.70,0.77,0.70,0.77,384800,0.64
2007-06-28,0.70,0.71,0.70,0.71,383800,0.59
2007-06-27,0.73,0.73,0.73,0.73,000,0.61
2007-06-26,0.73,0.73,0.73,0.73,000,0.61
2007-06-25,0.73,0.73,0.73,0.73,5900,0.61
2007-06-22,0.74,0.74,0.74,0.74,000,0.62
2007-06-21,0.74,0.74,0.74,0.74,40000,0.62
2007-06-20,0.74,0.75,0.74,0.75,52000,0.63
2007-06-19,0.74,0.74,0.74,0.74,000,0.62
2007-06-18,0.75,0.75,0.74,0.74,29600,0.62
2007-06-15,0.75,0.75,0.75,0.75,000,0.63
2007-06-14,0.75,0.75,0.75,0.75,000,0.63
2007-06-13,0.75,0.75,0.75,0.75,30000,0.63
2007-06-12,0.74,0.74,0.73,0.73,20000,0.61
2007-06-08,0.74,0.74,0.74,0.74,000,0.61
2007-06-07,0.75,0.75,0.74,0.74,15000,0.61
2007-06-06,0.75,0.75,0.75,0.75,10000,0.63
2007-06-05,0.74,0.74,0.74,0.74,000,0.61
2007-06-04,0.72,0.72,0.72,0.72,000,0.60
2007-06-01,0.72,0.72,0.72,0.72,000,0.60
2007-05-31,0.77,0.77,0.72,0.72,10100,0.60
2007-05-30,0.73,0.77,0.72,0.77,28000,0.64
2007-05-29,0.73,0.73,0.73,0.73,000,0.61
2007-05-28,0.73,0.73,0.73,0.73,9500,0.61
2007-05-25,0.72,0.73,0.72,0.73,10100,0.61
2007-05-24,0.70,0.70,0.70,0.70,000,0.58
2007-05-23,0.71,0.71,0.70,0.70,109000,0.58
2007-05-22,0.74,0.74,0.68,0.68,117000,0.57
2007-05-21,0.75,0.75,0.75,0.75,20000,0.63
2007-05-18,0.78,0.78,0.78,0.78,000,0.65
2007-05-17,0.78,0.78,0.78,0.78,000,0.65
2007-05-16,0.78,0.78,0.78,0.78,000,0.65
2007-05-15,0.78,0.78,0.78,0.78,000,0.65
2007-05-14,0.78,0.78,0.78,0.78,000,0.65
2007-05-11,0.78,0.78,0.78,0.78,000,0.65
2007-05-10,0.79,0.79,0.79,0.79,000,0.66
2007-05-09,0.79,0.79,0.79,0.79,000,0.66
2007-05-08,0.79,0.79,0.79,0.79,000,0.66
2007-05-07,0.79,0.79,0.79,0.79,000,0.66
2007-05-04,0.79,0.79,0.79,0.79,000,0.66
2007-05-03,0.79,0.79,0.79,0.79,40000,0.66
2007-05-02,0.79,0.79,0.79,0.79,000,0.66
2007-05-01,0.79,0.79,0.79,0.79,40000,0.66
2007-04-30,0.79,0.79,0.79,0.79,200,0.66
2007-04-27,0.80,0.80,0.80,0.80,000,0.67
2007-04-26,0.80,0.80,0.80,0.80,12500,0.67
2007-04-24,0.81,0.81,0.81,0.81,000,0.67
2007-04-23,0.81,0.81,0.81,0.81,000,0.67
2007-04-20,0.81,0.81,0.81,0.81,000,0.67
2007-04-19,0.81,0.81,0.81,0.81,85000,0.67
2007-04-18,0.81,0.81,0.81,0.81,000,0.67
2007-04-17,0.80,0.81,0.80,0.81,222100,0.67
2007-04-16,0.80,0.80,0.80,0.80,000,0.66
2007-04-13,0.80,0.80,0.80,0.80,000,0.66
2007-04-12,0.80,0.80,0.80,0.80,17500,0.66
2007-04-11,0.81,0.81,0.81,0.81,000,0.68
2007-04-10,0.81,0.81,0.81,0.81,000,0.68
2007-04-05,0.81,0.81,0.81,0.81,4500,0.68
2007-04-04,0.80,0.81,0.80,0.81,57300,0.68
2007-04-03,0.80,0.80,0.80,0.80,000,0.67
2007-04-02,0.80,0.80,0.80,0.80,19800,0.67
2007-03-30,0.83,0.83,0.83,0.83,000,0.69
2007-03-29,0.83,0.83,0.83,0.83,000,0.69
2007-03-28,0.83,0.83,0.83,0.83,000,0.69
2007-03-27,0.83,0.83,0.83,0.83,10000,0.69
2007-03-26,0.83,0.83,0.83,0.83,000,0.69
2007-03-23,0.83,0.83,0.83,0.83,000,0.69
2007-03-22,0.83,0.83,0.83,0.83,000,0.69
2007-03-21,0.83,0.83,0.83,0.83,000,0.69
2007-03-20,0.83,0.83,0.83,0.83,35000,0.69
2007-03-19,0.83,0.83,0.83,0.83,000,0.69
2007-03-16,0.83,0.83,0.83,0.83,000,0.69
2007-03-15,0.83,0.83,0.83,0.83,000,0.69
2007-03-14,0.83,0.83,0.83,0.83,000,0.69
2007-03-13,0.83,0.83,0.83,0.83,900,0.69
2007-03-12,0.82,0.82,0.82,0.82,000,0.69
2007-03-09,0.82,0.82,0.82,0.82,000,0.69
2007-03-08,0.82,0.82,0.82,0.82,000,0.69
2007-03-07,0.77,0.82,0.77,0.82,114000,0.69
2007-03-06,0.75,0.75,0.75,0.75,000,0.63
2007-03-05,0.75,0.75,0.75,0.75,000,0.63
2007-03-02,0.75,0.75,0.75,0.75,80900,0.63
2007-03-01,0.77,0.77,0.77,0.77,22000,0.65
2007-02-28,0.78,0.78,0.77,0.77,22000,0.65
2007-02-27,0.78,0.78,0.78,0.78,15000,0.65
2007-02-26,0.76,0.76,0.76,0.76,000,0.63
2007-02-23,0.80,0.80,0.76,0.76,93100,0.63
2007-02-22,0.75,0.75,0.75,0.75,5000,0.63
2007-02-21,0.81,0.81,0.81,0.81,000,0.68
2007-02-20,0.81,0.81,0.81,0.81,000,0.68
2007-02-19,0.81,0.81,0.81,0.81,34300,0.68
2007-02-16,0.83,0.83,0.83,0.83,000,0.69
2007-02-15,0.83,0.83,0.83,0.83,000,0.69
2007-02-14,0.83,0.83,0.83,0.83,15000,0.69
2007-02-13,0.81,0.81,0.81,0.81,000,0.68
2007-02-12,0.81,0.81,0.81,0.81,000,0.68
2007-02-09,0.81,0.81,0.81,0.81,000,0.68
2007-02-08,0.81,0.81,0.81,0.81,000,0.68
2007-02-07,0.81,0.81,0.81,0.81,000,0.68
2007-02-06,0.81,0.81,0.81,0.81,000,0.68
2007-02-05,0.85,0.85,0.81,0.81,6500,0.68
2007-02-02,0.81,0.81,0.81,0.81,11000,0.68
2007-02-01,0.81,0.81,0.81,0.81,000,0.68
2007-01-31,0.81,0.81,0.81,0.81,000,0.68
2007-01-30,0.80,0.80,0.80,0.80,000,0.67
2007-01-29,0.78,0.78,0.78,0.78,000,0.65
2007-01-25,0.78,0.78,0.78,0.78,000,0.65
2007-01-24,0.78,0.78,0.78,0.78,000,0.65
2007-01-23,0.78,0.78,0.78,0.78,000,0.65
2007-01-22,0.77,0.78,0.77,0.78,19700,0.65
2007-01-19,0.75,0.75,0.75,0.75,4000,0.63
2007-01-18,0.75,0.75,0.75,0.75,200,0.63
2007-01-17,0.75,0.75,0.75,0.75,000,0.62
2007-01-16,0.75,0.75,0.75,0.75,000,0.62
2007-01-15,0.75,0.75,0.75,0.75,000,0.62
2007-01-12,0.75,0.75,0.75,0.75,000,0.62
2007-01-11,0.74,0.74,0.74,0.74,000,0.62
2007-01-10,0.74,0.74,0.74,0.74,000,0.62
2007-01-09,0.74,0.74,0.74,0.74,000,0.62
2007-01-08,0.74,0.74,0.74,0.74,000,0.62
2007-01-05,0.74,0.74,0.74,0.74,10000,0.62
2007-01-04,0.74,0.74,0.74,0.74,000,0.62
2007-01-03,0.74,0.74,0.74,0.74,000,0.62
2007-01-02,0.74,0.74,0.73,0.73,20000,0.61
2006-12-29,0.75,0.75,0.75,0.75,000,0.63
2006-12-28,0.75,0.75,0.75,0.75,000,0.63
2006-12-27,0.75,0.75,0.75,0.75,000,0.63
2006-12-22,0.75,0.75,0.75,0.75,000,0.63
2006-12-21,0.75,0.75,0.75,0.75,000,0.63
2006-12-20,0.75,0.75,0.75,0.75,000,0.63
2006-12-19,0.75,0.75,0.75,0.75,000,0.63
2006-12-18,0.74,0.74,0.74,0.74,000,0.62
2006-12-15,0.74,0.74,0.74,0.74,5900,0.62
2006-12-14,0.74,0.74,0.74,0.74,000,0.62
2006-12-13,0.74,0.74,0.74,0.74,000,0.62
2006-12-12,0.74,0.74,0.74,0.74,000,0.62
2006-12-11,0.74,0.74,0.74,0.74,000,0.62
2006-12-08,0.74,0.74,0.74,0.74,15500,0.62
2006-12-07,0.74,0.74,0.74,0.74,000,0.62
2006-12-06,0.76,0.76,0.74,0.74,24500,0.62
2006-12-05,0.76,0.76,0.76,0.76,000,0.63
2006-12-04,0.76,0.76,0.76,0.76,000,0.63
2006-12-01,0.76,0.76,0.76,0.76,000,0.63
2006-11-30,0.76,0.76,0.76,0.76,000,0.63
2006-11-29,0.76,0.76,0.76,0.76,000,0.63
2006-11-28,0.76,0.76,0.76,0.76,20000,0.63
2006-11-27,0.75,0.75,0.75,0.75,000,0.63
2006-11-24,0.75,0.75,0.75,0.75,000,0.63
2006-11-23,0.75,0.75,0.75,0.75,000,0.63
2006-11-22,0.78,0.78,0.75,0.75,2600,0.63
2006-11-21,0.78,0.78,0.78,0.78,000,0.65
2006-11-20,0.78,0.78,0.78,0.78,000,0.65
2006-11-17,0.78,0.78,0.78,0.78,000,0.65
2006-11-16,0.78,0.78,0.78,0.78,000,0.65
2006-11-15,0.81,0.81,0.78,0.78,21400,0.65
2006-11-14,0.81,0.81,0.81,0.81,000,0.68
2006-11-13,0.81,0.81,0.81,0.81,000,0.67
2006-11-10,0.81,0.81,0.81,0.81,50000,0.66
2006-11-09,0.81,0.81,0.81,0.81,230000,0.67
2006-11-08,0.81,0.81,0.81,0.81,000,0.66
2006-11-07,0.81,0.81,0.81,0.81,000,0.66
2006-11-06,0.81,0.81,0.81,0.81,900,0.66
2006-11-03,0.85,0.85,0.85,0.85,000,0.69
2006-11-02,0.85,0.85,0.85,0.85,000,0.69
2006-11-01,0.85,0.85,0.85,0.85,1600,0.69
2006-10-31,0.85,0.85,0.85,0.85,000,0.69
2006-10-30,0.85,0.85,0.85,0.85,200,0.69
2006-10-27,0.85,0.85,0.85,0.85,000,0.69
2006-10-26,0.85,0.85,0.85,0.85,000,0.69
2006-10-25,0.85,0.85,0.85,0.85,2900,0.69
2006-10-24,0.85,0.85,0.85,0.85,000,0.69
2006-10-23,0.85,0.85,0.82,0.85,40700,0.69
2006-10-20,0.85,0.85,0.85,0.85,000,0.69
2006-10-19,0.85,0.85,0.85,0.85,000,0.69
2006-10-18,0.85,0.85,0.85,0.85,000,0.69
2006-10-17,0.85,0.85,0.85,0.85,358300,0.69
2006-10-16,0.82,0.82,0.82,0.82,000,0.67
2006-10-13,0.81,0.81,0.81,0.81,000,0.66
2006-10-12,0.81,0.81,0.81,0.81,000,0.66
2006-10-11,0.81,0.81,0.81,0.81,000,0.66
2006-10-10,0.79,0.79,0.79,0.79,000,0.65
2006-10-09,0.79,0.79,0.79,0.79,000,0.65
2006-10-06,0.79,0.79,0.79,0.79,000,0.65
2006-10-05,0.79,0.79,0.79,0.79,000,0.65
2006-10-04,0.77,0.79,0.77,0.79,22200,0.65
2006-10-03,0.79,0.79,0.79,0.79,000,0.65
2006-10-02,0.79,0.79,0.79,0.79,000,0.65
2006-09-29,0.79,0.79,0.79,0.79,000,0.65
2006-09-28,0.79,0.79,0.79,0.79,000,0.65
2006-09-27,0.79,0.79,0.79,0.79,75000,0.65
2006-09-26,0.74,0.74,0.74,0.74,20000,0.60
2006-09-25,0.79,0.79,0.79,0.79,000,0.65
2006-09-22,0.79,0.79,0.79,0.79,000,0.65
2006-09-21,0.79,0.79,0.79,0.79,000,0.65
2006-09-20,0.79,0.79,0.79,0.79,000,0.65
2006-09-19,0.80,0.80,0.80,0.80,000,0.65
2006-09-18,0.80,0.80,0.80,0.80,000,0.65
2006-09-15,0.80,0.80,0.80,0.80,000,0.65
2006-09-14,0.80,0.80,0.80,0.80,000,0.65
2006-09-13,0.80,0.80,0.80,0.80,800,0.65
2006-09-12,0.82,0.82,0.82,0.82,000,0.67
2006-09-11,0.82,0.82,0.82,0.82,000,0.67
2006-09-08,0.82,0.82,0.82,0.82,2500,0.67
2006-09-07,0.78,0.82,0.78,0.82,700,0.67
2006-09-06,0.78,0.78,0.78,0.78,17500,0.64
2006-09-05,0.78,0.78,0.78,0.78,000,0.64
2006-09-04,0.78,0.78,0.78,0.78,000,0.64
2006-09-01,0.78,0.78,0.78,0.78,2000,0.64
2006-08-31,0.78,0.78,0.78,0.78,000,0.64
2006-08-30,0.78,0.78,0.78,0.78,000,0.64
2006-08-29,0.78,0.78,0.78,0.78,000,0.64
2006-08-28,0.78,0.78,0.78,0.78,37000,0.64
2006-08-25,0.77,0.77,0.77,0.77,23000,0.63
2006-08-24,0.72,0.72,0.72,0.72,000,0.59
2006-08-23,0.72,0.72,0.72,0.72,000,0.59
2006-08-22,0.78,0.78,0.72,0.72,14600,0.59
2006-08-21,0.78,0.78,0.78,0.78,000,0.64
2006-08-18,0.78,0.78,0.78,0.78,000,0.64
2006-08-17,0.78,0.78,0.78,0.78,21000,0.64
2006-08-16,0.78,0.78,0.78,0.78,000,0.64
2006-08-15,0.79,0.79,0.78,0.78,5800,0.64
2006-08-14,0.78,0.78,0.78,0.78,000,0.64
2006-08-11,0.78,0.78,0.78,0.78,000,0.64
2006-08-10,0.78,0.78,0.78,0.78,000,0.64
2006-08-09,0.78,0.78,0.78,0.78,000,0.64
2006-08-08,0.78,0.78,0.78,0.78,000,0.64
2006-08-07,0.78,0.78,0.78,0.78,000,0.64
2006-08-04,0.78,0.78,0.78,0.78,000,0.64
2006-08-03,0.78,0.78,0.78,0.78,000,0.64
2006-08-02,0.79,0.79,0.78,0.78,12300,0.64
2006-08-01,0.78,0.78,0.78,0.78,000,0.64
2006-07-31,0.78,0.78,0.78,0.78,000,0.64
2006-07-28,0.78,0.78,0.78,0.78,000,0.64
2006-07-27,0.78,0.78,0.78,0.78,000,0.64
2006-07-26,0.78,0.78,0.78,0.78,000,0.64
2006-07-25,0.78,0.78,0.78,0.78,6200,0.64
2006-07-24,0.80,0.80,0.80,0.80,20000,0.65
2006-07-21,0.78,0.78,0.78,0.78,000,0.64
2006-07-20,0.78,0.78,0.78,0.78,000,0.64
2006-07-19,0.78,0.78,0.78,0.78,000,0.64
2006-07-18,0.78,0.78,0.78,0.78,000,0.64
2006-07-17,0.78,0.78,0.78,0.78,000,0.64
2006-07-14,0.78,0.78,0.78,0.78,000,0.64
2006-07-13,0.78,0.78,0.78,0.78,000,0.64
2006-07-12,0.78,0.78,0.78,0.78,000,0.64
2006-07-11,0.78,0.78,0.78,0.78,4500,0.64
2006-07-10,0.83,0.83,0.83,0.83,000,0.68
2006-07-07,0.83,0.83,0.83,0.83,5000,0.68
2006-07-06,0.85,0.85,0.85,0.85,000,0.69
2006-07-05,0.85,0.85,0.85,0.85,000,0.69
2006-07-04,0.85,0.85,0.85,0.85,000,0.69
2006-07-03,0.85,0.85,0.85,0.85,2300,0.69
2006-06-30,0.85,0.85,0.85,0.85,2000,0.69
2006-06-29,0.85,0.85,0.85,0.85,000,0.69
2006-06-28,0.76,0.85,0.76,0.85,86400,0.69
2006-06-27,0.75,0.75,0.75,0.75,80000,0.61
2006-06-26,0.77,0.77,0.77,0.77,000,0.63
2006-06-23,0.80,0.80,0.77,0.77,8900,0.63
2006-06-22,0.80,0.80,0.80,0.80,18600,0.65
2006-06-21,0.80,0.80,0.80,0.80,50000,0.65
2006-06-20,0.83,0.83,0.82,0.82,35500,0.67
2006-06-19,0.83,0.83,0.83,0.83,000,0.68
2006-06-16,0.83,0.83,0.83,0.83,000,0.68
2006-06-15,0.86,0.86,0.83,0.83,4700,0.68
2006-06-14,0.83,0.83,0.82,0.82,22500,0.67
2006-06-13,0.83,0.83,0.83,0.83,000,0.68
2006-06-09,0.83,0.83,0.83,0.83,1500,0.68
2006-06-08,0.85,0.85,0.85,0.85,3700,0.69
2006-06-07,0.89,0.89,0.89,0.89,000,0.73
2006-06-06,0.89,0.89,0.89,0.89,100,0.73
2006-06-05,0.87,0.87,0.87,0.87,4100,0.71
2006-06-02,0.87,0.87,0.87,0.87,000,0.71
2006-06-01,0.87,0.87,0.87,0.87,000,0.71
2006-05-31,0.87,0.87,0.87,0.87,15000,0.71
2006-05-30,0.87,0.87,0.87,0.87,000,0.71
2006-05-29,0.87,0.87,0.87,0.87,000,0.71
2006-05-26,0.87,0.87,0.87,0.87,000,0.71
2006-05-25,0.87,0.87,0.87,0.87,000,0.71
2006-05-24,0.87,0.87,0.87,0.87,000,0.71
2006-05-23,0.87,0.87,0.87,0.87,000,0.71
2006-05-22,0.87,0.87,0.87,0.87,000,0.71
2006-05-19,0.87,0.87,0.87,0.87,000,0.71
2006-05-18,0.87,0.87,0.87,0.87,23300,0.71
2006-05-17,0.88,0.88,0.88,0.88,000,0.72
2006-05-16,0.88,0.88,0.88,0.88,000,0.72
2006-05-15,0.88,0.88,0.88,0.88,000,0.72
2006-05-12,0.88,0.88,0.88,0.88,000,0.72
2006-05-11,0.87,0.88,0.87,0.88,10100,0.72
2006-05-10,0.83,0.83,0.83,0.83,000,0.68
2006-05-09,0.83,0.83,0.83,0.83,000,0.68
2006-05-08,0.83,0.83,0.83,0.83,28000,0.68
2006-05-05,0.83,0.83,0.83,0.83,28000,0.68
2006-05-04,0.83,0.83,0.83,0.83,000,0.68
2006-05-03,0.83,0.83,0.83,0.83,000,0.68
2006-05-02,0.83,0.83,0.83,0.83,000,0.68
2006-05-01,0.83,0.83,0.83,0.83,12500,0.68
2006-04-28,0.82,0.82,0.82,0.82,000,0.67
2006-04-27,0.82,0.82,0.82,0.82,000,0.67
2006-04-26,0.83,0.83,0.82,0.82,32500,0.67
2006-04-24,0.81,0.81,0.81,0.81,000,0.66
2006-04-21,0.81,0.81,0.81,0.81,000,0.66
2006-04-20,0.82,0.82,0.81,0.81,9500,0.66
2006-04-19,0.86,0.86,0.86,0.86,000,0.70
2006-04-18,0.86,0.86,0.86,0.86,25000,0.70
2006-04-13,0.86,0.86,0.86,0.86,000,0.70
2006-04-12,0.86,0.86,0.86,0.86,000,0.70
2006-04-11,0.86,0.86,0.86,0.86,000,0.70
2006-04-10,0.86,0.86,0.86,0.86,10000,0.70
2006-04-07,0.89,0.89,0.89,0.89,000,0.73
2006-04-06,0.89,0.89,0.89,0.89,000,0.73
2006-04-05,0.89,0.89,0.89,0.89,19700,0.73
2006-04-04,0.90,0.91,0.90,0.90,42200,0.74
2006-04-03,0.92,0.92,0.92,0.92,21900,0.75
2006-03-31,0.92,0.92,0.92,0.92,000,0.75
2006-03-30,0.90,0.92,0.90,0.92,8300,0.75
2006-03-29,0.90,0.90,0.90,0.90,000,0.74
2006-03-28,0.90,0.90,0.90,0.90,60000,0.74
2006-03-27,0.90,0.90,0.90,0.90,20000,0.74
2006-03-24,0.90,0.90,0.90,0.90,000,0.74
2006-03-23,0.90,0.90,0.90,0.90,7300,0.74
2006-03-22,0.90,0.90,0.90,0.90,000,0.74
2006-03-21,0.90,0.90,0.90,0.90,11500,0.74
2006-03-20,0.89,0.89,0.89,0.89,000,0.73
2006-03-17,0.89,0.89,0.89,0.89,000,0.73
2006-03-16,0.89,0.89,0.89,0.89,000,0.73
2006-03-15,0.89,0.89,0.89,0.89,85000,0.73
2006-03-14,0.89,0.89,0.89,0.89,85000,0.73
2006-03-13,0.87,0.87,0.87,0.87,000,0.71
2006-03-10,0.87,0.87,0.87,0.87,000,0.71
2006-03-09,0.87,0.87,0.87,0.87,000,0.71
2006-03-08,0.87,0.87,0.87,0.87,000,0.71
2006-03-07,0.87,0.87,0.87,0.87,000,0.71
2006-03-06,0.87,0.87,0.87,0.87,000,0.71
2006-03-03,0.87,0.87,0.87,0.87,000,0.71
2006-03-02,0.90,0.90,0.87,0.87,10100,0.71
2006-03-01,1.02,1.02,1.02,1.02,000,0.83
2006-02-28,1.02,1.02,1.02,1.02,000,0.83
2006-02-27,1.02,1.02,1.02,1.02,000,0.83
2006-02-24,1.02,1.02,1.02,1.02,000,0.83
2006-02-23,1.02,1.02,1.02,1.02,000,0.83
2006-02-22,1.02,1.02,1.02,1.02,000,0.83
2006-02-21,1.02,1.02,1.02,1.02,000,0.83
2006-02-20,1.02,1.02,1.02,1.02,000,0.83
2006-02-17,1.02,1.02,1.02,1.02,000,0.83
2006-02-16,1.02,1.02,1.02,1.02,000,0.83
2006-02-15,1.02,1.02,1.02,1.02,000,0.83
2006-02-14,0.98,1.02,0.96,1.02,31300,0.83
2006-02-13,0.98,0.98,0.98,0.98,000,0.80
2006-02-10,0.98,0.98,0.98,0.98,000,0.80
2006-02-09,0.98,0.98,0.98,0.98,000,0.80
2006-02-08,0.98,0.98,0.98,0.98,10000,0.80
2006-02-07,0.98,1.01,0.98,1.01,41500,0.83
2006-02-06,0.96,0.96,0.96,0.96,6000,0.78
2006-02-03,0.97,0.98,0.97,0.98,16500,0.80
2006-02-02,0.96,0.96,0.96,0.96,000,0.78
2006-02-01,0.98,0.98,0.96,0.96,5300,0.78
2006-01-31,1.01,1.01,1.01,1.01,100,0.83
2006-01-30,1.00,1.00,1.00,1.00,6600,0.82
2006-01-27,0.97,1.00,0.97,0.99,40800,0.81
2006-01-25,0.97,0.97,0.97,0.97,4900,0.79
2006-01-24,0.95,0.95,0.95,0.95,7600,0.78
2006-01-23,0.95,0.95,0.95,0.95,000,0.78
2006-01-20,0.95,0.95,0.95,0.95,6600,0.78
2006-01-19,0.94,0.94,0.94,0.94,000,0.77
2006-01-18,0.94,0.94,0.94,0.94,500,0.77
2006-01-17,0.94,0.94,0.94,0.94,28600,0.77
2006-01-16,0.94,0.94,0.94,0.94,11200,0.77
2006-01-13,0.93,0.93,0.93,0.93,000,0.76
2006-01-12,0.93,0.95,0.93,0.93,23200,0.76
2006-01-11,0.95,0.95,0.95,0.95,000,0.78
2006-01-10,0.95,0.95,0.95,0.95,000,0.78
2006-01-09,0.95,0.95,0.95,0.95,000,0.78
2006-01-06,0.95,0.95,0.95,0.95,000,0.78
2006-01-05,0.95,0.95,0.95,0.95,000,0.78
2006-01-04,0.95,0.95,0.95,0.95,000,0.78
2006-01-03,0.95,0.95,0.95,0.95,000,0.78
2005-12-30,0.95,0.95,0.95,0.95,000,0.78
2005-12-29,0.95,0.95,0.95,0.95,000,0.78
2005-12-28,0.95,0.95,0.95,0.95,000,0.78
2005-12-23,0.95,0.95,0.95,0.95,000,0.78
2005-12-22,0.95,0.95,0.95,0.95,000,0.78
2005-12-21,0.95,0.95,0.95,0.95,000,0.78
2005-12-20,0.95,0.95,0.95,0.95,000,0.78
2005-12-19,0.94,0.95,0.94,0.95,9500,0.78
2005-12-16,0.90,0.90,0.90,0.90,000,0.74
2005-12-15,0.91,0.91,0.90,0.90,14400,0.74
2005-12-14,0.91,0.91,0.91,0.91,2000,0.74
2005-12-13,0.90,0.90,0.90,0.90,15000,0.74
2005-12-12,0.95,0.95,0.95,0.95,000,0.78
2005-12-09,0.95,0.95,0.95,0.95,000,0.78
2005-12-08,0.95,0.95,0.95,0.95,000,0.78
2005-12-07,0.95,0.95,0.95,0.95,2500,0.78
2005-12-06,0.95,0.95,0.95,0.95,63900,0.78
2005-12-05,0.95,0.95,0.95,0.95,21700,0.78
2005-12-02,0.95,0.95,0.95,0.95,60200,0.78
2005-12-01,0.95,0.95,0.95,0.95,62900,0.78
2005-11-30,0.95,0.96,0.95,0.95,39400,0.78
2005-11-29,0.95,0.95,0.95,0.95,113700,0.78
2005-11-28,0.95,0.95,0.95,0.95,9000,0.78
2005-11-25,0.93,0.98,0.93,0.98,29000,0.80
2005-11-24,0.98,0.98,0.98,0.98,000,0.80
2005-11-23,0.98,0.98,0.98,0.98,000,0.80
2005-11-22,0.98,0.98,0.98,0.98,500,0.80
2005-11-21,0.99,0.99,0.99,0.99,3200,0.81
2005-11-18,0.95,0.95,0.95,0.95,27700,0.78
2005-11-17,1.00,1.00,1.00,1.00,000,0.82
2005-11-16,1.00,1.00,1.00,1.00,3500,0.82
2005-11-15,1.00,1.00,1.00,1.00,000,0.82
2005-11-14,1.00,1.00,1.00,1.00,000,0.82
2005-11-11,1.00,1.00,1.00,1.00,000,0.80
2005-11-10,1.00,1.00,1.00,1.00,000,0.80
2005-11-09,1.00,1.00,1.00,1.00,27800,0.80
2005-11-08,1.00,1.00,1.00,1.00,000,0.80
2005-11-07,1.00,1.00,1.00,1.00,000,0.80
2005-11-04,1.00,1.00,1.00,1.00,000,0.80
2005-11-03,1.00,1.00,1.00,1.00,000,0.80
2005-11-02,1.00,1.00,1.00,1.00,000,0.80
2005-11-01,1.00,1.00,1.00,1.00,000,0.80
2005-10-31,1.00,1.00,1.00,1.00,000,0.80
2005-10-28,1.00,1.00,1.00,1.00,000,0.80
2005-10-27,1.00,1.00,1.00,1.00,000,0.80
2005-10-26,1.00,1.00,1.00,1.00,000,0.80
2005-10-25,1.00,1.00,1.00,1.00,000,0.80
2005-10-24,1.00,1.00,1.00,1.00,000,0.80
2005-10-21,1.00,1.00,1.00,1.00,000,0.80
2005-10-20,1.00,1.00,1.00,1.00,000,0.80
2005-10-19,1.00,1.00,1.00,1.00,000,0.80
2005-10-18,1.00,1.00,1.00,1.00,000,0.80
2005-10-17,1.00,1.00,1.00,1.00,000,0.80
2005-10-14,1.01,1.01,1.00,1.00,10000,0.80
2005-10-13,1.00,1.00,1.00,1.00,000,0.80
2005-10-12,1.00,1.00,1.00,1.00,10000,0.80
2005-10-11,1.00,1.00,1.00,1.00,000,0.80
2005-10-10,1.00,1.00,1.00,1.00,000,0.80
2005-10-07,1.00,1.00,1.00,1.00,000,0.80
2005-10-06,1.00,1.00,1.00,1.00,000,0.80
2005-10-05,0.98,1.00,0.98,1.00,8300,0.80
2005-10-04,0.97,0.97,0.97,0.97,000,0.78
2005-10-03,0.97,0.97,0.97,0.97,5300,0.78
2005-09-30,1.00,1.00,1.00,1.00,2500,0.80
2005-09-29,1.00,1.00,1.00,1.00,000,0.80
2005-09-28,1.00,1.00,1.00,1.00,000,0.80
2005-09-27,1.00,1.00,1.00,1.00,000,0.80
2005-09-26,1.00,1.00,1.00,1.00,000,0.80
2005-09-23,1.00,1.00,1.00,1.00,000,0.80
2005-09-22,1.00,1.00,1.00,1.00,2400,0.80
2005-09-21,1.01,1.01,1.01,1.01,000,0.81
2005-09-20,1.01,1.01,1.01,1.01,000,0.81
2005-09-19,1.01,1.01,1.01,1.01,100,0.81
2005-09-16,1.01,1.01,1.01,1.01,10700,0.81
2005-09-15,1.01,1.02,1.01,1.02,21400,0.82
2005-09-14,1.02,1.02,1.02,1.02,000,0.82
2005-09-13,1.02,1.02,1.02,1.02,000,0.82
2005-09-12,1.02,1.02,1.02,1.02,000,0.82
2005-09-09,1.02,1.02,1.02,1.02,000,0.82
2005-09-08,1.02,1.02,1.02,1.02,000,0.82
2005-09-07,1.02,1.02,1.02,1.02,4000,0.82
2005-09-06,1.01,1.01,1.01,1.01,14900,0.81
2005-09-05,1.02,1.02,1.02,1.02,000,0.82
2005-09-02,1.02,1.02,1.02,1.02,000,0.82
2005-09-01,1.02,1.02,1.02,1.02,000,0.82
2005-08-31,1.02,1.02,1.02,1.02,8800,0.82
2005-08-30,1.10,1.10,1.10,1.10,000,0.88
2005-08-29,1.10,1.10,1.10,1.10,000,0.88
2005-08-26,1.10,1.10,1.10,1.10,000,0.88
2005-08-25,1.05,1.10,1.05,1.10,5100,0.88
2005-08-24,1.05,1.05,1.05,1.05,000,0.84
2005-08-23,1.01,1.05,1.01,1.05,18500,0.84
2005-08-22,1.05,1.05,1.05,1.05,000,0.84
2005-08-19,1.05,1.05,1.05,1.05,000,0.84
2005-08-18,1.05,1.05,1.05,1.05,14000,0.84
2005-08-17,1.04,1.05,1.04,1.05,6900,0.84
2005-08-16,1.02,1.02,1.02,1.02,2000,0.82
2005-08-15,1.00,1.00,1.00,1.00,10000,0.80
2005-08-12,0.99,0.99,0.99,0.99,000,0.80
2005-08-11,0.99,0.99,0.99,0.99,000,0.80
2005-08-10,0.99,0.99,0.99,0.99,000,0.80
2005-08-09,0.99,0.99,0.99,0.99,000,0.80
2005-08-08,0.99,0.99,0.99,0.99,900,0.80
2005-08-05,1.00,1.00,0.99,0.99,20000,0.80
2005-08-04,1.00,1.00,1.00,1.00,000,0.80
2005-08-03,1.00,1.00,1.00,1.00,5300,0.80
2005-08-02,1.00,1.00,1.00,1.00,000,0.80
2005-08-01,1.00,1.00,1.00,1.00,000,0.80
2005-07-29,1.00,1.00,1.00,1.00,700,0.80
2005-07-28,1.00,1.00,1.00,1.00,700,0.80
2005-07-27,1.00,1.00,1.00,1.00,000,0.80
2005-07-26,1.00,1.00,1.00,1.00,2300,0.80
2005-07-25,1.08,1.08,1.08,1.08,000,0.87
2005-07-22,1.08,1.08,1.08,1.08,000,0.87
2005-07-21,1.08,1.08,1.08,1.08,000,0.87
2005-07-20,1.08,1.08,1.08,1.08,000,0.87
2005-07-19,1.08,1.08,1.08,1.08,000,0.87
2005-07-18,1.05,1.08,1.05,1.08,20300,0.87
2005-07-15,1.10,1.10,1.10,1.10,000,0.88
2005-07-14,1.10,1.10,1.10,1.10,000,0.88
2005-07-13,1.10,1.10,1.10,1.10,000,0.88
2005-07-12,1.10,1.10,1.10,1.10,000,0.88
2005-07-11,1.10,1.10,1.10,1.10,000,0.88
2005-07-08,1.10,1.10,1.10,1.10,000,0.88
2005-07-07,1.10,1.10,1.10,1.10,000,0.88
2005-07-06,1.10,1.10,1.10,1.10,000,0.88
2005-07-05,1.10,1.10,1.10,1.10,000,0.88
2005-07-04,1.10,1.10,1.10,1.10,000,0.88
2005-07-01,1.10,1.10,1.10,1.10,000,0.88
2005-06-30,1.10,1.10,1.10,1.10,14300,0.88
2005-06-29,1.10,1.10,1.10,1.10,15600,0.88
2005-06-28,1.06,1.06,1.06,1.06,000,0.85
2005-06-27,1.10,1.10,1.06,1.06,7000,0.85
2005-06-24,1.10,1.10,1.10,1.10,5400,0.88
2005-06-23,1.00,1.00,1.00,1.00,000,0.80
2005-06-22,1.00,1.00,1.00,1.00,000,0.80
2005-06-21,1.00,1.00,1.00,1.00,000,0.80
2005-06-20,1.00,1.00,1.00,1.00,000,0.80
2005-06-17,1.05,1.05,1.00,1.00,12200,0.80
2005-06-16,1.05,1.05,1.05,1.05,000,0.84
2005-06-15,1.05,1.05,1.05,1.05,12400,0.84
2005-06-14,0.99,0.99,0.99,0.99,000,0.80
2005-06-10,0.99,0.99,0.99,0.99,15400,0.80
2005-06-09,1.00,1.00,0.98,0.98,39100,0.79
2005-06-08,0.98,0.98,0.98,0.98,3900,0.79
2005-06-07,0.92,0.97,0.92,0.97,10400,0.78
2005-06-06,0.91,0.91,0.91,0.91,000,0.73
2005-06-03,0.91,0.91,0.91,0.91,000,0.73
2005-06-02,0.91,0.91,0.91,0.91,000,0.73
2005-06-01,0.91,0.91,0.91,0.91,000,0.73
2005-05-31,0.91,0.91,0.91,0.91,000,0.73
2005-05-30,0.91,0.91,0.91,0.91,000,0.73
2005-05-27,0.91,0.91,0.91,0.91,8200,0.73
2005-05-26,0.93,0.93,0.91,0.91,8900,0.73
2005-05-25,0.92,0.93,0.92,0.93,5000,0.75
2005-05-24,0.94,0.94,0.94,0.94,000,0.76
2005-05-23,0.94,0.94,0.94,0.94,400,0.76
2005-05-20,0.94,0.94,0.94,0.94,000,0.76
2005-05-19,0.94,0.94,0.94,0.94,000,0.76
2005-05-18,0.93,0.95,0.93,0.94,38000,0.76
2005-05-17,0.93,0.93,0.93,0.93,000,0.75
2005-05-16,0.93,0.93,0.93,0.93,500,0.75
2005-05-13,0.94,0.94,0.94,0.94,000,0.76
2005-05-12,0.94,0.94,0.94,0.94,000,0.76
2005-05-11,0.93,0.94,0.93,0.94,12600,0.76
2005-05-10,0.92,0.92,0.92,0.92,000,0.74
2005-05-09,0.92,0.92,0.92,0.92,000,0.74
2005-05-06,0.92,0.92,0.92,0.92,4100,0.74
2005-05-05,0.94,0.94,0.89,0.92,20400,0.74
2005-05-04,0.94,0.94,0.93,0.93,7400,0.75
2005-05-03,0.96,0.96,0.96,0.96,000,0.77
2005-05-02,0.96,0.96,0.96,0.96,000,0.77
2005-04-29,0.95,0.96,0.95,0.96,4000,0.77
2005-04-28,0.92,0.92,0.92,0.92,000,0.74
2005-04-27,0.92,0.92,0.92,0.92,000,0.74
2005-04-26,0.92,0.92,0.92,0.92,000,0.74
2005-04-22,0.92,0.92,0.92,0.92,000,0.74
2005-04-21,0.92,0.92,0.92,0.92,000,0.74
2005-04-20,0.92,0.92,0.92,0.92,000,0.74
2005-04-19,0.92,0.92,0.92,0.92,000,0.74
2005-04-18,0.92,0.92,0.92,0.92,000,0.74
2005-04-15,0.92,0.92,0.92,0.92,000,0.74
2005-04-14,0.92,0.92,0.92,0.92,2000,0.74
2005-04-13,0.94,0.94,0.94,0.94,29400,0.76
2005-04-12,0.92,0.92,0.92,0.92,6000,0.74
2005-04-11,0.95,0.95,0.95,0.95,000,0.76
2005-04-08,0.95,0.95,0.95,0.95,40000,0.76
2005-04-07,1.00,1.00,0.96,0.96,10100,0.77
2005-04-06,0.98,1.00,0.98,1.00,8300,0.80
2005-04-05,0.98,0.98,0.98,0.98,13000,0.79
2005-04-04,0.99,0.99,0.98,0.98,8000,0.79
2005-04-01,0.99,0.99,0.99,0.99,9000,0.80
2005-03-31,0.95,0.95,0.95,0.95,7000,0.76
2005-03-30,0.96,0.96,0.90,0.90,11800,0.72
2005-03-29,0.97,0.97,0.96,0.96,9100,0.77
2005-03-24,0.97,0.97,0.97,0.97,000,0.78
2005-03-23,0.97,0.97,0.97,0.97,000,0.78
2005-03-22,0.97,0.97,0.97,0.97,000,0.78
2005-03-21,0.97,0.97,0.97,0.97,000,0.78
2005-03-18,0.97,0.97,0.97,0.97,000,0.78
2005-03-17,0.97,0.97,0.97,0.97,000,0.78
2005-03-16,0.97,0.97,0.97,0.97,000,0.78
2005-03-15,0.97,0.97,0.97,0.97,000,0.78
2005-03-14,0.97,0.97,0.97,0.97,000,0.78
2005-03-11,0.98,0.98,0.97,0.97,16500,0.78
2005-03-10,0.97,0.97,0.97,0.97,2200,0.78
2005-03-09,0.97,0.97,0.97,0.97,000,0.78
2005-03-08,0.99,0.99,0.97,0.97,45100,0.78
2005-03-07,0.99,0.99,0.99,0.99,000,0.80
2005-03-04,0.99,0.99,0.99,0.99,10000,0.80
2005-03-03,1.00,1.00,1.00,1.00,000,0.80
2005-03-02,1.00,1.00,1.00,1.00,000,0.80
2005-03-01,1.01,1.01,1.00,1.00,2000,0.80
2005-02-28,1.01,1.01,1.01,1.01,000,0.81
2005-02-25,1.00,1.03,1.00,1.01,14600,0.81
2005-02-24,1.01,1.01,1.01,1.01,000,0.81
2005-02-23,1.01,1.01,1.01,1.01,21500,0.81
2005-02-22,1.03,1.03,1.03,1.03,000,0.83
2005-02-21,1.03,1.03,1.03,1.03,41700,0.83
2005-02-18,1.04,1.05,1.03,1.03,24800,0.83
2005-02-17,1.04,1.04,1.04,1.04,10500,0.84
2005-02-16,1.05,1.05,1.04,1.04,64900,0.84
2005-02-15,1.05,1.05,1.05,1.05,000,0.84
2005-02-14,1.05,1.05,1.05,1.05,000,0.84
2005-02-11,1.09,1.09,1.05,1.05,10700,0.84
2005-02-10,1.09,1.09,1.08,1.09,11000,0.88
2005-02-09,1.10,1.10,1.10,1.10,7800,0.88
2005-02-08,1.09,1.09,1.09,1.09,1800,0.88
2005-02-07,1.10,1.12,1.08,1.08,60200,0.87
2005-02-04,1.10,1.10,1.10,1.10,8700,0.88
2005-02-03,1.09,1.09,1.09,1.09,400,0.88
2005-02-02,1.10,1.10,1.10,1.10,000,0.88
2005-02-01,1.10,1.10,1.09,1.10,19200,0.88
2005-01-31,1.08,1.10,1.07,1.10,19300,0.88
2005-01-28,1.07,1.09,1.07,1.08,6300,0.87
2005-01-27,1.08,1.08,1.08,1.08,16900,0.87
2005-01-25,1.08,1.10,1.08,1.10,1500,0.88
2005-01-24,1.13,1.13,1.08,1.08,12700,0.87
2005-01-21,1.13,1.13,1.13,1.13,000,0.91
2005-01-20,1.08,1.13,1.08,1.13,4900,0.91
2005-01-19,1.10,1.10,1.08,1.08,7900,0.87
2005-01-18,1.10,1.10,1.10,1.10,10000,0.88
2005-01-17,1.05,1.05,1.05,1.05,1600,0.84
2005-01-14,1.25,1.25,1.25,1.25,000,1.00
2005-01-13,1.25,1.25,1.25,1.25,000,1.00
2005-01-12,1.25,1.25,1.25,1.25,000,1.00
2005-01-11,1.25,1.25,1.25,1.25,000,1.00
2005-01-10,1.25,1.25,1.25,1.25,000,1.00
2005-01-07,1.25,1.25,1.25,1.25,000,1.00
2005-01-06,1.25,1.25,1.25,1.25,000,1.00
2005-01-05,1.25,1.25,1.25,1.25,000,1.00
2005-01-04,1.25,1.25,1.25,1.25,1800,1.00
2004-12-31,1.25,1.25,1.25,1.25,000,1.00
2004-12-30,1.25,1.25,1.25,1.25,000,1.00
2004-12-29,1.25,1.25,1.25,1.25,000,1.00
2004-12-24,1.25,1.25,1.25,1.25,000,1.00
2004-12-23,1.25,1.25,1.25,1.25,000,1.00
2004-12-22,1.25,1.25,1.25,1.25,000,1.00
2004-12-21,1.25,1.25,1.25,1.25,000,1.00
2004-12-20,1.25,1.25,1.25,1.25,000,1.00
2004-12-17,1.25,1.25,1.25,1.25,000,1.00
2004-12-16,1.24,1.25,1.20,1.25,16500,1.00
2004-12-15,1.25,1.25,1.25,1.25,2400,1.00
2004-12-14,1.24,1.24,1.24,1.24,000,1.00
2004-12-13,1.24,1.24,1.24,1.24,000,1.00
2004-12-10,1.24,1.24,1.24,1.24,000,1.00
2004-12-09,1.24,1.24,1.24,1.24,1500,1.00
2004-12-08,1.24,1.24,1.24,1.24,3000,1.00
2004-12-07,1.24,1.24,1.24,1.24,10000,1.00
2004-12-06,1.21,1.21,1.20,1.20,61100,0.96
2004-12-03,1.29,1.29,1.29,1.29,000,1.04
2004-12-02,1.29,1.29,1.29,1.29,000,1.04
2004-12-01,1.29,1.29,1.29,1.29,000,1.04
2004-11-30,1.29,1.29,1.29,1.29,000,1.04
2004-11-29,1.29,1.29,1.29,1.29,000,1.04
2004-11-26,1.29,1.29,1.29,1.29,4800,1.04
2004-11-25,1.28,1.28,1.28,1.28,000,1.03
2004-11-24,1.29,1.29,1.29,1.29,55800,1.04
2004-11-23,1.29,1.29,1.29,1.29,93100,1.04
2004-11-22,1.28,1.29,1.28,1.29,3800,1.04
2004-11-19,1.26,1.29,1.25,1.28,12100,1.03
2004-11-18,1.31,1.31,1.26,1.28,16100,1.03
2004-11-17,1.31,1.31,1.31,1.31,1900,1.05
2004-11-16,1.23,1.23,1.23,1.23,000,0.99
2004-11-15,1.23,1.23,1.23,1.23,000,0.99
2004-11-12,1.23,1.23,1.23,1.23,000,0.97
2004-11-11,1.23,1.23,1.23,1.23,000,0.97
2004-11-10,1.23,1.23,1.23,1.23,000,0.97
2004-11-09,1.23,1.23,1.23,1.23,10000,0.97
2004-11-08,1.28,1.28,1.28,1.28,000,1.01
2004-11-05,1.28,1.28,1.28,1.28,000,1.01
2004-11-04,1.28,1.28,1.28,1.28,3900,1.01
2004-11-03,1.30,1.30,1.30,1.30,000,1.03
2004-11-02,1.30,1.30,1.30,1.30,6000,1.03
2004-11-01,1.23,1.23,1.23,1.23,000,0.97
2004-10-29,1.25,1.25,1.23,1.23,32800,0.97
2004-10-28,1.21,1.21,1.21,1.21,000,0.96
2004-10-27,1.21,1.21,1.21,1.21,000,0.96
2004-10-26,1.24,1.24,1.21,1.21,3200,0.96
2004-10-25,1.25,1.25,1.25,1.25,3500,0.99
2004-10-22,1.25,1.25,1.25,1.25,000,0.99
2004-10-21,1.25,1.25,1.25,1.25,000,0.99
2004-10-20,1.25,1.25,1.25,1.25,21000,0.99
2004-10-19,1.16,1.16,1.16,1.16,000,0.92
2004-10-18,1.16,1.16,1.16,1.16,000,0.92
2004-10-15,1.16,1.16,1.16,1.16,000,0.92
2004-10-14,1.16,1.16,1.16,1.16,000,0.92
2004-10-13,1.16,1.16,1.16,1.16,000,0.92
2004-10-12,1.16,1.16,1.16,1.16,000,0.92
2004-10-11,1.16,1.16,1.16,1.16,000,0.92
2004-10-08,1.18,1.18,1.16,1.16,50000,0.92
2004-10-07,1.20,1.20,1.20,1.20,000,0.95
2004-10-06,1.20,1.20,1.20,1.20,000,0.95
2004-10-05,1.20,1.20,1.20,1.20,000,0.95
2004-10-04,1.20,1.20,1.20,1.20,000,0.95
2004-10-01,1.16,1.20,1.16,1.20,20200,0.95
2004-09-30,1.16,1.16,1.16,1.16,19700,0.92
2004-09-29,1.10,1.16,1.10,1.16,60700,0.92
2004-09-28,1.10,1.10,1.10,1.10,4500,0.87
2004-09-27,1.09,1.10,1.09,1.10,10000,0.87
2004-09-24,1.09,1.09,1.09,1.09,6700,0.86
2004-09-23,1.10,1.10,1.10,1.10,9500,0.87
2004-09-22,1.10,1.10,1.10,1.10,000,0.87
2004-09-21,1.10,1.10,1.10,1.10,000,0.87
2004-09-20,1.10,1.10,1.10,1.10,10000,0.87
2004-09-17,1.05,1.05,1.05,1.05,000,0.83
2004-09-16,1.05,1.05,1.05,1.05,000,0.83
2004-09-15,1.05,1.05,1.05,1.05,10500,0.83
2004-09-14,1.08,1.08,1.08,1.08,000,0.86
2004-09-13,1.08,1.08,1.08,1.08,1000,0.86
2004-09-10,1.08,1.08,1.08,1.08,000,0.86
2004-09-09,1.08,1.08,1.08,1.08,000,0.86
2004-09-08,1.08,1.08,1.08,1.08,14000,0.86
2004-09-07,1.10,1.10,1.08,1.08,6000,0.86
2004-09-06,1.14,1.14,1.14,1.14,000,0.90
2004-09-03,1.14,1.14,1.14,1.14,000,0.90
2004-09-02,1.14,1.14,1.14,1.14,000,0.90
2004-09-01,1.14,1.14,1.14,1.14,000,0.90
2004-08-31,1.14,1.14,1.14,1.14,000,0.90
2004-08-30,1.14,1.14,1.14,1.14,4500,0.90
2004-08-27,1.07,1.07,1.07,1.07,150000,0.85
2004-08-26,1.14,1.14,1.14,1.14,000,0.90
2004-08-25,1.14,1.14,1.14,1.14,2000,0.90
2004-08-24,1.10,1.10,1.10,1.10,000,0.87
2004-08-23,1.10,1.10,1.10,1.10,1000,0.87
2004-08-20,1.10,1.10,1.10,1.10,000,0.87
2004-08-19,1.10,1.10,1.10,1.10,000,0.87
2004-08-18,1.10,1.10,1.10,1.10,000,0.87
2004-08-17,1.12,1.12,1.10,1.10,30000,0.87
2004-08-16,1.16,1.16,1.16,1.16,000,0.92
2004-08-13,1.16,1.16,1.16,1.16,000,0.92
2004-08-12,1.16,1.16,1.16,1.16,3000,0.92
2004-08-11,1.15,1.15,1.15,1.15,000,0.91
2004-08-10,1.15,1.15,1.15,1.15,8200,0.91
2004-08-09,1.15,1.15,1.15,1.15,000,0.91
2004-08-06,1.15,1.15,1.15,1.15,33900,0.91
2004-08-05,1.11,1.11,1.11,1.11,1800,0.88
2004-08-04,1.10,1.10,1.10,1.10,000,0.87
2004-08-03,1.10,1.10,1.10,1.10,000,0.87
2004-08-02,1.10,1.10,1.10,1.10,000,0.87
2004-07-30,1.10,1.10,1.10,1.10,000,0.87
2004-07-29,1.10,1.10,1.10,1.10,000,0.87
2004-07-28,1.10,1.10,1.10,1.10,000,0.87
2004-07-27,1.11,1.11,1.10,1.10,16500,0.87
2004-07-26,1.11,1.16,1.11,1.16,1400,0.92
2004-07-23,1.12,1.12,1.12,1.12,4200,0.89
2004-07-22,1.15,1.15,1.15,1.15,000,0.91
2004-07-21,1.15,1.15,1.12,1.12,7000,0.89
2004-07-20,1.15,1.15,1.15,1.15,1000,0.91
2004-07-19,1.17,1.17,1.17,1.17,3900,0.93
2004-07-16,1.17,1.17,1.17,1.17,12300,0.93
2004-07-15,1.20,1.20,1.20,1.20,3000,0.95
2004-07-14,1.17,1.20,1.17,1.20,5800,0.95
2004-07-13,1.15,1.15,1.15,1.15,000,0.91
2004-07-12,1.15,1.15,1.15,1.15,000,0.91
2004-07-09,1.15,1.15,1.15,1.15,17800,0.91
2004-07-08,1.15,1.15,1.15,1.15,3300,0.91
2004-07-07,1.15,1.15,1.15,1.15,4800,0.91
2004-07-06,1.12,1.12,1.12,1.12,000,0.89
2004-07-05,1.12,1.12,1.12,1.12,000,0.89
2004-07-02,1.12,1.12,1.12,1.12,000,0.89
2004-07-01,1.12,1.12,1.12,1.12,000,0.89
2004-06-30,1.12,1.12,1.12,1.12,000,0.89
2004-06-29,1.12,1.12,1.12,1.12,000,0.89
2004-06-28,1.12,1.12,1.12,1.12,5000,0.89
2004-06-25,1.12,1.12,1.12,1.12,3300,0.89
2004-06-24,1.16,1.16,1.16,1.16,000,0.92
2004-06-23,1.16,1.16,1.16,1.16,2500,0.92
2004-06-22,1.16,1.16,1.16,1.16,000,0.92
2004-06-21,1.16,1.16,1.16,1.16,000,0.92
2004-06-18,1.16,1.16,1.16,1.16,000,0.92
2004-06-17,1.16,1.16,1.16,1.16,000,0.92
2004-06-16,1.16,1.16,1.16,1.16,000,0.92
2004-06-15,1.16,1.16,1.16,1.16,000,0.92
2004-06-11,1.16,1.16,1.16,1.16,000,0.92
2004-06-10,1.16,1.16,1.16,1.16,000,0.92
2004-06-09,1.12,1.16,1.12,1.16,4300,0.92
2004-06-08,1.12,1.12,1.11,1.12,27200,0.89
2004-06-07,1.14,1.14,1.14,1.14,000,0.90
2004-06-04,1.14,1.14,1.14,1.14,000,0.90
2004-06-03,1.14,1.14,1.14,1.14,000,0.90
2004-06-02,1.10,1.14,1.10,1.14,24400,0.90
2004-06-01,1.12,1.12,1.12,1.12,000,0.89
2004-05-31,1.11,1.12,1.11,1.12,7000,0.89
2004-05-28,1.10,1.10,1.10,1.10,50000,0.87
2004-05-27,1.03,1.10,1.03,1.10,46800,0.87
2004-05-26,1.03,1.03,1.03,1.03,000,0.82
2004-05-25,1.03,1.03,1.03,1.03,20000,0.82
2004-05-24,1.05,1.05,1.05,1.05,000,0.83
2004-05-21,1.05,1.05,1.05,1.05,000,0.83
2004-05-20,1.04,1.05,1.04,1.05,31900,0.83
2004-05-19,1.00,1.04,1.00,1.04,9500,0.82
2004-05-18,0.96,0.96,0.96,0.96,000,0.76
2004-05-17,0.96,0.96,0.96,0.96,000,0.76
2004-05-14,1.00,1.00,0.96,0.96,10000,0.76
2004-05-13,0.95,0.95,0.95,0.95,000,0.75
2004-05-12,0.95,0.95,0.95,0.95,8400,0.75
2004-05-11,0.95,0.95,0.95,0.95,9000,0.75
2004-05-10,0.96,0.96,0.96,0.96,000,0.76
2004-05-07,0.96,0.96,0.96,0.96,10000,0.76
2004-05-06,0.97,0.97,0.97,0.97,10000,0.77
2004-05-05,0.98,0.98,0.98,0.98,10000,0.78
2004-05-04,1.01,1.01,1.01,1.01,000,0.80
2004-05-03,1.01,1.01,1.01,1.01,000,0.80
2004-04-30,1.01,1.01,1.01,1.01,000,0.80
2004-04-29,1.01,1.01,1.00,1.01,14000,0.80
2004-04-28,1.00,1.00,1.00,1.00,000,0.79
2004-04-27,1.00,1.00,1.00,1.00,000,0.79
2004-04-26,1.00,1.00,1.00,1.00,000,0.79
2004-04-23,1.00,1.00,1.00,1.00,2500,0.79
2004-04-22,1.02,1.02,1.00,1.00,32000,0.79
2004-04-21,1.05,1.05,1.05,1.05,000,0.83
2004-04-20,1.05,1.05,1.05,1.05,000,0.83
2004-04-19,1.05,1.05,1.05,1.05,000,0.83
2004-04-16,1.05,1.05,1.05,1.05,000,0.83
2004-04-15,1.02,1.05,1.02,1.05,13100,0.83
2004-04-14,1.03,1.03,1.03,1.03,5000,0.82
2004-04-13,1.05,1.05,1.05,1.05,000,0.83
2004-04-08,1.05,1.05,1.05,1.05,3000,0.83
2004-04-07,1.02,1.02,1.02,1.02,000,0.81
2004-04-06,1.02,1.02,1.02,1.02,15800,0.81
2004-04-05,1.05,1.05,1.05,1.05,000,0.83
2004-04-02,1.05,1.05,1.05,1.05,2300,0.83
2004-04-01,0.99,0.99,0.99,0.99,000,0.78
2004-03-31,0.99,0.99,0.99,0.99,000,0.78
2004-03-30,0.99,0.99,0.99,0.99,000,0.78
2004-03-29,0.99,0.99,0.99,0.99,000,0.78
2004-03-26,1.00,1.00,0.99,0.99,5900,0.78
2004-03-25,1.00,1.00,1.00,1.00,39000,0.79
2004-03-24,1.00,1.00,1.00,1.00,11400,0.79
2004-03-23,1.00,1.00,1.00,1.00,000,0.79
2004-03-22,1.00,1.00,1.00,1.00,65000,0.79
2004-03-19,1.03,1.03,1.03,1.03,000,0.82
2004-03-18,1.03,1.03,1.03,1.03,000,0.82
2004-03-17,1.03,1.03,1.03,1.03,000,0.82
2004-03-16,1.03,1.03,1.03,1.03,000,0.82
2004-03-15,1.03,1.03,1.03,1.03,000,0.82
2004-03-12,1.03,1.03,1.03,1.03,000,0.82
2004-03-11,1.00,1.03,1.00,1.03,4000,0.82
2004-03-10,0.95,0.95,0.95,0.95,000,0.75
2004-03-09,0.98,0.98,0.98,0.98,000,0.78
2004-03-08,0.98,0.98,0.98,0.98,000,0.78
2004-03-05,0.98,0.98,0.98,0.98,000,0.78
2004-03-04,0.98,0.98,0.98,0.98,000,0.78
2004-03-03,0.99,0.99,0.98,0.98,5000,0.78
2004-03-02,1.00,1.00,1.00,1.00,000,0.79
2004-03-01,1.00,1.00,1.00,1.00,000,0.79
2004-02-27,1.00,1.00,1.00,1.00,000,0.79
2004-02-26,1.04,1.04,1.00,1.00,15100,0.79
2004-02-25,1.03,1.04,1.00,1.00,11400,0.79
2004-02-24,0.99,1.04,0.99,1.04,32300,0.82
2004-02-23,0.94,0.99,0.94,0.99,24000,0.78
2004-02-20,0.94,0.94,0.94,0.94,1900,0.74
2004-02-19,0.94,0.94,0.94,0.94,000,0.74
2004-02-18,0.94,0.94,0.94,0.94,000,0.74
2004-02-17,0.93,0.94,0.93,0.94,10200,0.74
2004-02-16,0.87,0.87,0.87,0.87,4000,0.69
2004-02-13,0.93,0.93,0.93,0.93,000,0.74
2004-02-12,0.93,0.93,0.93,0.93,5000,0.74
2004-02-11,0.93,0.93,0.93,0.93,1300,0.74
2004-02-10,0.93,0.93,0.93,0.93,5000,0.74
2004-02-09,0.95,0.95,0.95,0.95,11400,0.75
2004-02-06,0.94,0.94,0.94,0.94,9600,0.74
2004-02-05,0.94,0.94,0.94,0.94,000,0.74
2004-02-04,0.94,0.94,0.94,0.94,1000,0.74
2004-02-03,0.95,0.95,0.95,0.95,000,0.75
2004-02-02,0.95,0.95,0.95,0.95,000,0.75
2004-01-30,0.95,0.95,0.95,0.95,000,0.75
2004-01-29,0.95,0.95,0.95,0.95,000,0.75
2004-01-28,0.95,0.95,0.95,0.95,3200,0.75
2004-01-27,0.94,0.94,0.94,0.94,000,0.74
2004-01-23,0.94,0.94,0.94,0.94,1800,0.74
2004-01-22,0.92,0.92,0.92,0.92,000,0.73
2004-01-21,0.92,0.92,0.92,0.92,5000,0.73
2004-01-20,0.88,0.88,0.88,0.88,000,0.70
2004-01-19,0.88,0.88,0.88,0.88,1500,0.70
2004-01-16,0.88,0.88,0.88,0.88,10000,0.70
2004-01-15,0.93,0.93,0.93,0.93,000,0.74
2004-01-14,0.93,0.93,0.93,0.93,000,0.74
2004-01-13,0.93,0.93,0.93,0.93,000,0.74
2004-01-12,0.93,0.93,0.93,0.93,000,0.74
2004-01-09,0.93,0.93,0.93,0.93,000,0.74
2004-01-08,0.91,0.93,0.91,0.93,6700,0.74
2004-01-07,0.91,0.91,0.89,0.91,19000,0.72
2004-01-06,0.95,0.95,0.95,0.95,000,0.75
2004-01-05,0.95,0.95,0.95,0.95,000,0.75
2004-01-02,0.95,0.95,0.95,0.95,000,0.75
2003-12-31,0.95,0.95,0.95,0.95,2000,0.75
2003-12-30,0.94,0.94,0.94,0.94,000,0.74
2003-12-29,0.94,0.94,0.94,0.94,000,0.74
2003-12-24,0.94,0.94,0.94,0.94,000,0.74
2003-12-23,0.94,0.94,0.94,0.94,5800,0.74
2003-12-22,0.89,0.94,0.88,0.94,12600,0.74
2003-12-19,0.91,0.91,0.90,0.90,8000,0.71
2003-12-18,0.95,0.95,0.95,0.95,000,0.75
2003-12-17,0.95,0.95,0.95,0.95,000,0.75
2003-12-16,0.95,0.95,0.95,0.95,000,0.75
2003-12-15,0.95,0.95,0.95,0.95,000,0.75
2003-12-12,0.90,0.95,0.89,0.95,18000,0.75
2003-12-11,0.89,0.89,0.89,0.89,000,0.71
2003-12-10,0.90,0.90,0.89,0.89,4400,0.71
2003-12-09,0.95,0.95,0.95,0.95,300,0.75
2003-12-08,0.95,0.95,0.95,0.95,12000,0.75
2003-12-05,0.95,0.95,0.95,0.95,000,0.75
2003-12-04,0.95,0.95,0.95,0.95,13400,0.75
2003-12-03,0.95,0.95,0.95,0.95,000,0.75
2003-12-02,0.95,0.95,0.95,0.95,8600,0.75
2003-12-01,0.95,0.95,0.95,0.95,22000,0.75
2003-11-28,0.95,0.95,0.95,0.95,1800,0.75
2003-11-27,0.95,0.95,0.95,0.95,000,0.75
2003-11-26,0.95,0.95,0.95,0.95,000,0.75
2003-11-25,0.95,0.95,0.95,0.95,000,0.75
2003-11-24,0.95,0.95,0.95,0.95,000,0.75
2003-11-21,0.95,0.95,0.95,0.95,400,0.75
2003-11-20,0.95,0.95,0.95,0.95,000,0.75
2003-11-19,0.89,0.95,0.89,0.95,6000,0.74
2003-11-18,0.89,0.89,0.89,0.89,000,0.69
2003-11-17,0.89,0.89,0.89,0.89,19000,0.69
2003-11-14,0.95,0.95,0.95,0.95,000,0.74
2003-11-13,0.95,0.95,0.95,0.95,000,0.74
2003-11-12,0.95,0.95,0.95,0.95,000,0.74
2003-11-11,0.95,0.95,0.95,0.95,13000,0.74
2003-11-10,0.95,0.95,0.95,0.95,000,0.74
2003-11-07,0.97,0.97,0.95,0.95,7500,0.74
2003-11-06,0.99,0.99,0.97,0.99,20000,0.77
2003-11-05,0.99,1.01,0.99,1.01,1500,0.78
2003-11-04,1.00,1.00,0.97,0.97,48300,0.75
2003-11-03,1.09,1.09,1.05,1.05,79400,0.82
2003-10-31,1.10,1.10,1.10,1.10,4500,0.85
2003-10-30,1.03,1.10,1.03,1.10,31200,0.85
2003-10-29,1.03,1.03,1.02,1.02,19600,0.79
2003-10-28,1.04,1.04,1.04,1.04,8900,0.81
2003-10-27,1.03,1.03,1.03,1.03,20000,0.80
2003-10-24,1.03,1.03,1.02,1.02,30000,0.79
2003-10-23,0.99,0.99,0.99,0.99,7000,0.77
2003-10-22,0.92,0.92,0.92,0.92,000,0.71
2003-10-21,0.89,0.92,0.89,0.92,21500,0.71
2003-10-20,0.88,0.88,0.88,0.88,16900,0.68
2003-10-17,0.88,0.88,0.88,0.88,2500,0.68
2003-10-16,0.84,0.84,0.84,0.84,000,0.65
2003-10-15,0.86,0.86,0.84,0.84,5200,0.65
2003-10-14,0.89,0.89,0.84,0.84,18100,0.65
2003-10-13,0.85,0.90,0.85,0.90,5500,0.70
2003-10-10,0.84,0.85,0.84,0.85,39200,0.66
2003-10-09,0.85,0.85,0.85,0.85,000,0.66
2003-10-08,0.84,0.85,0.84,0.85,4000,0.66
2003-10-07,0.82,0.85,0.82,0.85,5000,0.66
2003-10-06,0.82,0.82,0.82,0.82,10000,0.64
2003-10-03,0.84,0.84,0.81,0.81,26500,0.63
2003-10-02,0.80,0.80,0.80,0.80,000,0.62
2003-10-01,0.80,0.80,0.80,0.80,50000,0.62
2003-09-30,0.80,0.80,0.80,0.80,000,0.62
2003-09-29,0.76,0.80,0.76,0.80,51100,0.62
2003-09-26,0.75,0.75,0.75,0.75,000,0.58
2003-09-25,0.75,0.75,0.75,0.75,000,0.58
2003-09-24,0.75,0.75,0.75,0.75,000,0.58
2003-09-23,0.75,0.75,0.75,0.75,000,0.58
2003-09-22,0.74,0.75,0.74,0.75,19000,0.58
2003-09-19,0.77,0.77,0.77,0.77,000,0.60
2003-09-18,0.74,0.77,0.74,0.77,44700,0.60
2003-09-17,0.73,0.73,0.73,0.73,20000,0.57
2003-09-16,0.71,0.71,0.71,0.71,000,0.55
2003-09-15,0.72,0.72,0.71,0.71,6200,0.55
2003-09-12,0.72,0.73,0.72,0.73,232200,0.57
2003-09-11,0.70,0.70,0.70,0.70,000,0.54
2003-09-10,0.70,0.70,0.70,0.70,14200,0.54
2003-09-09,0.71,0.72,0.70,0.70,23900,0.54
2003-09-08,0.71,0.71,0.71,0.71,000,0.55
2003-09-05,0.71,0.71,0.71,0.71,10000,0.55
2003-09-04,0.71,0.71,0.71,0.71,273600,0.55
2003-09-03,0.73,0.73,0.71,0.71,6200,0.55
2003-09-02,0.73,0.74,0.73,0.74,29700,0.57
2003-09-01,0.75,0.75,0.71,0.71,58100,0.55
2003-08-29,0.72,0.79,0.72,0.79,11100,0.61
2003-08-28,0.72,0.72,0.72,0.72,000,0.56
2003-08-27,0.72,0.72,0.72,0.72,000,0.56
2003-08-26,0.72,0.72,0.72,0.72,12500,0.56
2003-08-25,0.70,0.70,0.70,0.70,000,0.54
2003-08-22,0.70,0.70,0.70,0.70,10000,0.54
2003-08-21,0.70,0.70,0.70,0.70,000,0.54
2003-08-20,0.70,0.70,0.70,0.70,10000,0.54
2003-08-19,0.69,0.69,0.69,0.69,000,0.54
2003-08-18,0.69,0.69,0.69,0.69,000,0.54
2003-08-15,0.68,0.69,0.68,0.69,22600,0.54
2003-08-14,0.67,0.67,0.67,0.67,9000,0.52
2003-08-13,0.65,0.65,0.65,0.65,2000,0.50
2003-08-12,0.66,0.66,0.66,0.66,17000,0.51
2003-08-11,0.66,0.66,0.66,0.66,3000,0.51
2003-08-08,0.65,0.68,0.65,0.68,39400,0.53
2003-08-07,0.65,0.65,0.65,0.65,30000,0.50
2003-08-06,0.65,0.65,0.65,0.65,16600,0.50
2003-08-05,0.66,0.66,0.66,0.66,35100,0.51
2003-08-04,0.66,0.66,0.66,0.66,10000,0.51
2003-08-01,0.65,0.65,0.65,0.65,000,0.50
2003-07-31,0.65,0.65,0.65,0.65,000,0.50
2003-07-30,0.65,0.65,0.65,0.65,9000,0.50
2003-07-29,0.66,0.66,0.66,0.66,000,0.51
2003-07-28,0.65,0.67,0.65,0.66,19400,0.51
2003-07-25,0.65,0.65,0.65,0.65,000,0.50
2003-07-24,0.65,0.65,0.65,0.65,500,0.50
2003-07-23,0.65,0.65,0.65,0.65,2000,0.50
2003-07-22,0.60,0.60,0.60,0.60,100,0.47
2003-07-21,0.60,0.60,0.60,0.60,10000,0.47
2003-07-18,0.56,0.58,0.56,0.58,200900,0.45
2003-07-17,0.57,0.57,0.55,0.55,1140000,0.43
2003-07-16,0.58,0.58,0.58,0.58,000,0.45
2003-07-15,0.58,0.58,0.58,0.58,21700,0.45
2003-07-14,0.58,0.58,0.58,0.58,65000,0.45
2003-07-11,0.58,0.58,0.58,0.58,17500,0.45
2003-07-10,0.56,0.56,0.56,0.56,000,0.43
2003-07-09,0.56,0.56,0.56,0.56,000,0.43
2003-07-08,0.58,0.58,0.56,0.56,8700,0.43
2003-07-07,0.58,0.58,0.58,0.58,000,0.45
2003-07-04,0.58,0.58,0.58,0.58,17000,0.45
2003-07-03,0.58,0.58,0.56,0.56,10000,0.43
2003-07-02,0.58,0.58,0.58,0.58,000,0.45
2003-07-01,0.58,0.58,0.58,0.58,000,0.45
2003-06-30,0.58,0.60,0.58,0.58,50000,0.45
2003-06-27,0.58,0.58,0.58,0.58,13300,0.45
2003-06-26,0.55,0.55,0.55,0.55,000,0.43
2003-06-25,0.55,0.55,0.55,0.55,10000,0.43
2003-06-24,0.55,0.55,0.55,0.55,10000,0.43
2003-06-23,0.55,0.55,0.55,0.55,000,0.43
2003-06-20,0.56,0.56,0.55,0.55,37200,0.43
2003-06-19,0.58,0.58,0.58,0.58,1400,0.45
2003-06-18,0.55,0.55,0.55,0.55,13500,0.43
2003-06-17,0.58,0.58,0.58,0.58,4400,0.45
2003-06-16,0.58,0.58,0.58,0.58,13000,0.45
2003-06-13,0.58,0.58,0.58,0.58,000,0.45
2003-06-12,0.58,0.58,0.58,0.58,000,0.45
2003-06-11,0.58,0.58,0.58,0.58,000,0.45
2003-06-10,0.58,0.58,0.58,0.58,000,0.45
2003-06-06,0.58,0.58,0.58,0.58,000,0.45
2003-06-05,0.58,0.58,0.58,0.58,000,0.45
2003-06-04,0.58,0.58,0.58,0.58,35000,0.45
2003-06-03,0.60,0.60,0.58,0.58,28000,0.45
2003-06-02,0.58,0.58,0.58,0.58,000,0.45
2003-05-30,0.58,0.58,0.58,0.58,000,0.45
2003-05-29,0.58,0.58,0.58,0.58,000,0.45
2003-05-28,0.58,0.58,0.58,0.58,24900,0.45
2003-05-27,0.58,0.58,0.58,0.58,000,0.45
2003-05-26,0.58,0.58,0.58,0.58,000,0.45
2003-05-23,0.58,0.58,0.58,0.58,000,0.45
2003-05-22,0.58,0.58,0.58,0.58,25800,0.45
2003-05-21,0.56,0.56,0.52,0.52,112500,0.40
2003-05-20,0.55,0.55,0.55,0.55,000,0.43
2003-05-19,0.58,0.58,0.55,0.55,8900,0.43
2003-05-16,0.58,0.58,0.58,0.58,40000,0.45
2003-05-15,0.55,0.55,0.55,0.55,000,0.43
2003-05-14,0.55,0.55,0.55,0.55,000,0.43
2003-05-13,0.55,0.55,0.55,0.55,000,0.43
2003-05-12,0.54,0.55,0.54,0.55,17600,0.43
2003-05-09,0.55,0.55,0.55,0.55,2600,0.43
2003-05-08,0.55,0.55,0.55,0.55,000,0.43
2003-05-07,0.55,0.55,0.55,0.55,000,0.43
2003-05-06,0.55,0.55,0.55,0.55,000,0.43
2003-05-05,0.55,0.55,0.55,0.55,000,0.43
2003-05-02,0.55,0.55,0.55,0.55,000,0.43
2003-05-01,0.55,0.55,0.55,0.55,000,0.43
2003-04-30,0.54,0.55,0.54,0.55,10000,0.43
2003-04-29,0.55,0.55,0.55,0.55,000,0.43
2003-04-28,0.55,0.55,0.55,0.55,000,0.43
2003-04-24,0.55,0.55,0.55,0.55,000,0.43
2003-04-23,0.55,0.55,0.55,0.55,000,0.43
2003-04-22,0.55,0.55,0.55,0.55,000,0.43
2003-04-17,0.55,0.55,0.55,0.55,000,0.43
2003-04-16,0.55,0.55,0.55,0.55,000,0.43
2003-04-15,0.55,0.55,0.55,0.55,15000,0.43
2003-04-14,0.61,0.61,0.61,0.61,000,0.47
2003-04-11,0.61,0.61,0.61,0.61,000,0.47
2003-04-10,0.61,0.61,0.61,0.61,000,0.47
2003-04-09,0.61,0.61,0.61,0.61,000,0.47
2003-04-08,0.58,0.61,0.58,0.61,17100,0.47
2003-04-07,0.57,0.60,0.57,0.60,14000,0.47
2003-04-04,0.57,0.60,0.57,0.60,17500,0.47
2003-04-03,0.57,0.58,0.57,0.57,7800,0.44
2003-04-02,0.57,0.57,0.57,0.57,000,0.44
2003-04-01,0.57,0.57,0.57,0.57,8700,0.44
2003-03-31,0.58,0.58,0.58,0.58,000,0.45
2003-03-28,0.57,0.58,0.56,0.58,27500,0.45
2003-03-27,0.57,0.57,0.57,0.57,000,0.44
2003-03-26,0.57,0.57,0.57,0.57,000,0.44
2003-03-25,0.57,0.57,0.57,0.57,000,0.44
2003-03-24,0.57,0.57,0.57,0.57,000,0.44
2003-03-21,0.57,0.57,0.57,0.57,000,0.44
2003-03-20,0.57,0.57,0.57,0.57,000,0.44
2003-03-19,0.57,0.57,0.57,0.57,5000,0.44
2003-03-18,0.58,0.58,0.58,0.58,2000,0.45
2003-03-17,0.54,0.54,0.54,0.54,3300,0.42
2003-03-14,0.50,0.50,0.50,0.50,000,0.39
2003-03-13,0.50,0.50,0.50,0.50,000,0.39
2003-03-12,0.50,0.50,0.50,0.50,000,0.39
2003-03-11,0.50,0.50,0.50,0.50,000,0.39
2003-03-10,0.50,0.50,0.50,0.50,000,0.39
2003-03-07,0.50,0.50,0.50,0.50,11900,0.39
2003-03-06,0.54,0.54,0.54,0.54,000,0.42
2003-03-05,0.54,0.54,0.54,0.54,000,0.42
2003-03-04,0.54,0.54,0.54,0.54,000,0.42
2003-03-03,0.54,0.54,0.54,0.54,000,0.42
2003-02-28,0.54,0.54,0.54,0.54,000,0.42
2003-02-27,0.54,0.54,0.54,0.54,000,0.42
2003-02-26,0.55,0.55,0.54,0.54,13200,0.42
2003-02-25,0.55,0.55,0.55,0.55,000,0.43
2003-02-24,0.55,0.55,0.55,0.55,2000,0.43
2003-02-21,0.54,0.54,0.54,0.54,000,0.42
2003-02-20,0.54,0.54,0.54,0.54,000,0.42
2003-02-19,0.54,0.54,0.54,0.54,1200,0.42
2003-02-18,0.54,0.54,0.54,0.54,000,0.42
2003-02-17,0.56,0.56,0.54,0.54,10000,0.42
2003-02-14,0.59,0.59,0.59,0.59,000,0.46
2003-02-13,0.59,0.59,0.59,0.59,000,0.46
2003-02-12,0.59,0.59,0.59,0.59,000,0.46
2003-02-11,0.59,0.59,0.59,0.59,000,0.46
2003-02-10,0.59,0.59,0.59,0.59,000,0.46
2003-02-07,0.59,0.59,0.59,0.59,000,0.46
2003-02-06,0.59,0.59,0.59,0.59,000,0.46
2003-02-05,0.59,0.59,0.59,0.59,3100,0.46
2003-02-04,0.55,0.55,0.55,0.55,000,0.43
2003-02-03,0.55,0.55,0.55,0.55,4000,0.43
2003-01-31,0.55,0.55,0.55,0.55,000,0.43
2003-01-30,0.55,0.55,0.55,0.55,000,0.43
2003-01-29,0.55,0.55,0.55,0.55,000,0.43
2003-01-28,0.55,0.55,0.55,0.55,000,0.43
2003-01-24,0.55,0.55,0.55,0.55,2300,0.43
2003-01-23,0.62,0.62,0.62,0.62,000,0.48
2003-01-22,0.62,0.62,0.62,0.62,2000,0.48
2003-01-21,0.55,0.55,0.55,0.55,000,0.43
2003-01-20,0.55,0.55,0.55,0.55,000,0.43
2003-01-17,0.55,0.55,0.55,0.55,000,0.43
2003-01-16,0.55,0.55,0.55,0.55,000,0.43
2003-01-15,0.55,0.55,0.55,0.55,6000,0.43
2003-01-14,0.55,0.55,0.55,0.55,000,0.43
2003-01-13,0.55,0.55,0.55,0.55,000,0.43
2003-01-10,0.55,0.55,0.55,0.55,000,0.43
2003-01-09,0.55,0.55,0.55,0.55,000,0.43
2003-01-08,0.55,0.55,0.55,0.55,000,0.43
2003-01-07,0.55,0.55,0.55,0.55,000,0.43
2003-01-06,0.55,0.55,0.55,0.55,4000,0.43
2003-01-03,0.52,0.52,0.52,0.52,000,0.40
2003-01-02,0.52,0.52,0.52,0.52,000,0.40
2002-12-31,0.52,0.52,0.52,0.52,000,0.40
2002-12-30,0.52,0.52,0.52,0.52,000,0.40
2002-12-27,0.52,0.52,0.52,0.52,000,0.40
2002-12-24,0.52,0.52,0.52,0.52,000,0.40
2002-12-23,0.52,0.52,0.52,0.52,000,0.40
2002-12-20,0.55,0.55,0.52,0.52,19900,0.40
2002-12-19,0.54,0.54,0.54,0.54,000,0.42
2002-12-18,0.54,0.54,0.54,0.54,10000,0.42
2002-12-17,0.53,0.53,0.53,0.53,8000,0.41
2002-12-16,0.53,0.53,0.53,0.53,000,0.41
2002-12-13,0.53,0.53,0.53,0.53,000,0.41
2002-12-12,0.53,0.53,0.53,0.53,10000,0.41
2002-12-11,0.54,0.54,0.54,0.54,000,0.42
2002-12-10,0.54,0.54,0.54,0.54,000,0.42
2002-12-09,0.54,0.54,0.54,0.54,000,0.42
2002-12-06,0.54,0.54,0.54,0.54,000,0.42
2002-12-05,0.54,0.54,0.54,0.54,000,0.42
2002-12-04,0.54,0.54,0.54,0.54,000,0.42
2002-12-03,0.54,0.54,0.54,0.54,000,0.42
2002-12-02,0.54,0.54,0.54,0.54,000,0.42
2002-11-29,0.54,0.54,0.54,0.54,000,0.42
2002-11-28,0.54,0.54,0.54,0.54,000,0.42
2002-11-27,0.55,0.55,0.54,0.54,29500,0.42
2002-11-26,0.56,0.56,0.56,0.56,11000,0.43
2002-11-25,0.54,0.55,0.54,0.55,39000,0.43
2002-11-22,0.50,0.50,0.50,0.50,000,0.39
2002-11-21,0.51,0.51,0.50,0.50,16000,0.39
2002-11-20,0.55,0.55,0.55,0.55,000,0.43
2002-11-19,0.55,0.55,0.55,0.55,000,0.43
2002-11-18,0.55,0.55,0.55,0.55,10000,0.43
2002-11-15,0.55,0.55,0.55,0.55,19100,0.43
2002-11-14,0.55,0.55,0.55,0.55,10000,0.43
2002-11-13,0.53,0.53,0.53,0.53,000,0.40
2002-11-12,0.53,0.53,0.53,0.53,13500,0.40
2002-11-11,0.55,0.55,0.55,0.55,000,0.41
2002-11-08,0.55,0.55,0.55,0.55,000,0.41
2002-11-07,0.55,0.55,0.55,0.55,000,0.41
2002-11-06,0.53,0.55,0.53,0.55,5000,0.41
2002-11-05,0.51,0.51,0.51,0.51,000,0.38
2002-11-04,0.51,0.51,0.51,0.51,000,0.38
2002-11-01,0.51,0.51,0.51,0.51,000,0.38
2002-10-31,0.51,0.51,0.51,0.51,12000,0.38
2002-10-30,0.53,0.53,0.53,0.53,000,0.40
2002-10-29,0.53,0.53,0.53,0.53,000,0.40
2002-10-28,0.53,0.53,0.53,0.53,000,0.40
2002-10-25,0.53,0.53,0.53,0.53,000,0.40
2002-10-24,0.53,0.53,0.53,0.53,000,0.40
2002-10-23,0.51,0.53,0.51,0.53,20500,0.40
2002-10-22,0.50,0.50,0.50,0.50,10000,0.38
2002-10-21,0.50,0.50,0.50,0.50,000,0.38
2002-10-18,0.50,0.50,0.50,0.50,000,0.38
2002-10-17,0.50,0.50,0.50,0.50,000,0.38
2002-10-16,0.50,0.50,0.50,0.50,10000,0.38
2002-10-15,0.51,0.51,0.50,0.50,253500,0.38
2002-10-14,0.53,0.53,0.53,0.53,000,0.40
2002-10-11,0.53,0.53,0.53,0.53,000,0.40
2002-10-10,0.53,0.53,0.53,0.53,000,0.40
2002-10-09,0.53,0.53,0.53,0.53,000,0.40
2002-10-08,0.53,0.53,0.53,0.53,000,0.40
2002-10-07,0.53,0.53,0.53,0.53,000,0.40
2002-10-04,0.53,0.53,0.53,0.53,000,0.40
2002-10-03,0.53,0.53,0.53,0.53,000,0.40
2002-10-02,0.53,0.53,0.53,0.53,000,0.40
2002-10-01,0.53,0.53,0.53,0.53,000,0.40
2002-09-30,0.53,0.53,0.53,0.53,10000,0.40
2002-09-27,0.53,0.55,0.53,0.55,7000,0.41
2002-09-26,0.52,0.52,0.52,0.52,6600,0.39
2002-09-25,0.50,0.50,0.50,0.50,000,0.38
2002-09-24,0.50,0.50,0.50,0.50,23000,0.38
2002-09-23,0.50,0.50,0.50,0.50,000,0.38
2002-09-20,0.49,0.50,0.49,0.50,21600,0.38
2002-09-19,0.51,0.51,0.51,0.51,10000,0.38
2002-09-18,0.48,0.48,0.48,0.48,000,0.36
2002-09-17,0.49,0.49,0.48,0.48,7800,0.36
2002-09-16,0.52,0.52,0.52,0.52,000,0.39
2002-09-13,0.52,0.52,0.52,0.52,000,0.39
2002-09-12,0.50,0.52,0.50,0.52,27200,0.39
2002-09-11,0.49,0.49,0.49,0.49,25000,0.37
2002-09-10,0.48,0.48,0.48,0.48,000,0.36
2002-09-09,0.48,0.48,0.48,0.48,000,0.36
2002-09-06,0.48,0.48,0.48,0.48,6600,0.36
2002-09-05,0.48,0.48,0.48,0.48,000,0.36
2002-09-04,0.48,0.48,0.48,0.48,000,0.36
2002-09-03,0.48,0.48,0.48,0.48,000,0.36
2002-09-02,0.48,0.48,0.48,0.48,000,0.36
2002-08-30,0.48,0.48,0.48,0.48,000,0.36
2002-08-29,0.48,0.48,0.48,0.48,000,0.36
2002-08-28,0.48,0.48,0.48,0.48,000,0.36
2002-08-27,0.49,0.49,0.48,0.48,30000,0.36
2002-08-26,0.50,0.50,0.50,0.50,9600,0.38
2002-08-23,0.50,0.50,0.50,0.50,4000,0.38
2002-08-22,0.50,0.51,0.50,0.50,31400,0.38
2002-08-21,0.48,0.48,0.48,0.48,000,0.36
2002-08-20,0.48,0.48,0.48,0.48,000,0.36
2002-08-19,0.50,0.50,0.48,0.48,5900,0.36
2002-08-16,0.49,0.49,0.49,0.49,10000,0.37
2002-08-15,0.49,0.49,0.49,0.49,000,0.37
2002-08-14,0.49,0.49,0.49,0.49,000,0.37
2002-08-13,0.49,0.49,0.49,0.49,10000,0.37
2002-08-12,0.50,0.50,0.49,0.49,15000,0.37
2002-08-09,0.50,0.50,0.50,0.50,10000,0.38
2002-08-08,0.51,0.51,0.51,0.51,6000,0.38
2002-08-07,0.50,0.50,0.50,0.50,000,0.38
2002-08-06,0.50,0.50,0.50,0.50,000,0.38
2002-08-05,0.51,0.51,0.50,0.50,28000,0.38
2002-08-02,0.55,0.55,0.55,0.55,000,0.41
2002-08-01,0.55,0.55,0.55,0.55,8000,0.41
2002-07-31,0.51,0.51,0.51,0.51,000,0.38
2002-07-30,0.51,0.51,0.51,0.51,10000,0.38
2002-07-29,0.52,0.52,0.52,0.52,000,0.39
2002-07-26,0.52,0.52,0.52,0.52,000,0.39
2002-07-25,0.52,0.52,0.52,0.52,000,0.39
2002-07-24,0.52,0.52,0.52,0.52,000,0.39
2002-07-23,0.52,0.52,0.52,0.52,10000,0.39
2002-07-22,0.57,0.57,0.57,0.57,000,0.43
2002-07-19,0.57,0.57,0.57,0.57,900,0.43
2002-07-18,0.55,0.55,0.55,0.55,10600,0.41
2002-07-17,0.55,0.55,0.55,0.55,000,0.41
2002-07-16,0.55,0.55,0.55,0.55,000,0.41
2002-07-15,0.55,0.55,0.55,0.55,000,0.41
2002-07-12,0.55,0.55,0.55,0.55,000,0.41
2002-07-11,0.55,0.55,0.55,0.55,000,0.41
2002-07-10,0.56,0.56,0.55,0.55,42800,0.41
2002-07-09,0.58,0.58,0.58,0.58,000,0.44
2002-07-08,0.55,0.58,0.55,0.58,27500,0.44
2002-07-05,0.52,0.52,0.52,0.52,000,0.39
2002-07-04,0.52,0.52,0.52,0.52,000,0.39
2002-07-03,0.52,0.52,0.52,0.52,4000,0.39
2002-07-02,0.52,0.52,0.52,0.52,000,0.39
2002-07-01,0.52,0.52,0.52,0.52,000,0.39
2002-06-28,0.52,0.52,0.52,0.52,000,0.39
2002-06-27,0.52,0.52,0.52,0.52,000,0.39
2002-06-26,0.52,0.52,0.52,0.52,000,0.39
2002-06-25,0.52,0.52,0.52,0.52,000,0.39
2002-06-24,0.52,0.52,0.52,0.52,000,0.39
2002-06-21,0.52,0.52,0.52,0.52,000,0.39
2002-06-20,0.52,0.52,0.52,0.52,000,0.39
2002-06-19,0.52,0.52,0.52,0.52,000,0.39
2002-06-18,0.52,0.52,0.52,0.52,000,0.39
2002-06-17,0.52,0.52,0.52,0.52,000,0.39
2002-06-14,0.52,0.52,0.52,0.52,3100,0.39
2002-06-13,0.57,0.57,0.57,0.57,000,0.43
2002-06-12,0.57,0.57,0.57,0.57,000,0.43
2002-06-11,0.57,0.57,0.57,0.57,10000,0.43
2002-06-07,0.50,0.50,0.50,0.50,000,0.38
2002-06-06,0.58,0.58,0.50,0.50,4200,0.38
2002-06-05,0.58,0.58,0.58,0.58,000,0.44
2002-06-04,0.58,0.58,0.58,0.58,000,0.44
2002-06-03,0.58,0.58,0.58,0.58,000,0.44
2002-05-31,0.58,0.58,0.58,0.58,7000,0.44
2002-05-30,0.58,0.58,0.58,0.58,2000,0.44
2002-05-29,0.62,0.62,0.62,0.62,000,0.47
2002-05-28,0.62,0.62,0.62,0.62,000,0.47
2002-05-27,0.62,0.62,0.62,0.62,000,0.47
2002-05-24,0.62,0.62,0.62,0.62,000,0.47
2002-05-23,0.59,0.62,0.59,0.62,45000,0.47
2002-05-22,0.55,0.59,0.55,0.59,20000,0.45
2002-05-21,0.58,0.58,0.58,0.58,000,0.44
2002-05-20,0.58,0.58,0.58,0.58,7500,0.44
2002-05-17,0.51,0.55,0.50,0.55,16700,0.41
2002-05-16,0.54,0.54,0.51,0.51,10000,0.38
2002-05-15,0.50,0.50,0.50,0.50,000,0.38
2002-05-14,0.50,0.50,0.50,0.50,000,0.38
2002-05-13,0.50,0.50,0.50,0.50,000,0.38
2002-05-10,0.52,0.55,0.50,0.50,47000,0.38
2002-05-09,0.52,0.52,0.52,0.52,000,0.39
2002-05-08,0.53,0.54,0.52,0.52,47100,0.39
2002-05-07,0.52,0.52,0.49,0.52,25000,0.39
2002-05-06,0.52,0.55,0.48,0.55,12600,0.41
2002-05-03,0.50,0.50,0.50,0.50,000,0.38
2002-05-02,0.50,0.50,0.50,0.50,000,0.38
2002-05-01,0.50,0.50,0.50,0.50,10000,0.38
2002-04-30,0.50,0.50,0.50,0.50,000,0.38
2002-04-29,0.53,0.53,0.50,0.50,33000,0.38
2002-04-26,0.54,0.54,0.54,0.54,000,0.41
2002-04-24,0.54,0.54,0.54,0.54,000,0.41
2002-04-23,0.54,0.54,0.54,0.54,7400,0.41
2002-04-22,0.53,0.54,0.53,0.54,30000,0.41
2002-04-19,0.53,0.55,0.53,0.55,25000,0.41
2002-04-18,0.54,0.55,0.54,0.55,30000,0.41
2002-04-17,0.53,0.53,0.53,0.53,000,0.40
2002-04-16,0.53,0.53,0.53,0.53,000,0.40
2002-04-15,0.54,0.54,0.53,0.53,10000,0.40
2002-04-12,0.56,0.56,0.56,0.56,2000,0.42
2002-04-11,0.53,0.53,0.53,0.53,30000,0.40
2002-04-10,0.52,0.53,0.52,0.52,29000,0.39
2002-04-09,0.50,0.50,0.50,0.50,000,0.38
2002-04-08,0.51,0.51,0.50,0.50,1300,0.38
2002-04-05,0.52,0.52,0.52,0.52,10000,0.39
2002-04-04,0.52,0.52,0.52,0.52,5000,0.39
2002-04-03,0.52,0.52,0.52,0.52,000,0.39
2002-04-02,0.50,0.52,0.50,0.52,15000,0.39
2002-03-28,0.51,0.55,0.50,0.52,80000,0.39
2002-03-27,0.53,0.53,0.51,0.51,2000,0.38
2002-03-26,0.53,0.53,0.53,0.53,2400,0.40
2002-03-25,0.53,0.53,0.53,0.53,000,0.40
2002-03-22,0.53,0.53,0.53,0.53,000,0.40
2002-03-21,0.53,0.53,0.53,0.53,000,0.40
2002-03-20,0.53,0.53,0.53,0.53,000,0.40
2002-03-19,0.53,0.53,0.53,0.53,000,0.40
2002-03-18,0.53,0.53,0.53,0.53,11300,0.40
2002-03-15,0.55,0.55,0.55,0.55,10000,0.41
2002-03-14,0.53,0.53,0.53,0.53,20000,0.40
2002-03-13,0.52,0.53,0.52,0.53,17300,0.40
2002-03-12,0.52,0.52,0.52,0.52,18000,0.39
2002-03-11,0.53,0.53,0.53,0.53,000,0.40
2002-03-08,0.53,0.53,0.53,0.53,4600,0.40
2002-03-07,0.54,0.54,0.54,0.54,10000,0.41
2002-03-06,0.54,0.54,0.54,0.54,1000,0.41
2002-03-05,0.53,0.53,0.53,0.53,000,0.40
2002-03-04,0.53,0.53,0.53,0.53,20300,0.40
2002-03-01,0.56,0.56,0.56,0.56,000,0.42
2002-02-28,0.56,0.56,0.56,0.56,000,0.42
2002-02-27,0.56,0.56,0.56,0.56,10000,0.42
2002-02-26,0.54,0.54,0.54,0.54,20000,0.41
2002-02-25,0.52,0.52,0.52,0.52,000,0.39
2002-02-22,0.51,0.52,0.51,0.52,45500,0.39
2002-02-21,0.52,0.52,0.52,0.52,000,0.39
2002-02-20,0.52,0.52,0.52,0.52,20000,0.39
2002-02-19,0.51,0.51,0.51,0.51,44600,0.38
2002-02-18,0.52,0.52,0.51,0.51,5400,0.38
2002-02-15,0.51,0.51,0.51,0.51,1900,0.39
2002-02-14,0.52,0.52,0.52,0.52,000,0.39
2002-02-13,0.52,0.52,0.52,0.52,000,0.39
2002-02-12,0.53,0.53,0.52,0.52,20400,0.39
2002-02-11,0.58,0.58,0.58,0.58,000,0.44
2002-02-08,0.58,0.58,0.58,0.58,000,0.44
2002-02-07,0.54,0.58,0.54,0.58,7100,0.44
2002-02-06,0.52,0.52,0.52,0.52,000,0.39
2002-02-05,0.52,0.52,0.52,0.52,000,0.39
2002-02-04,0.52,0.52,0.52,0.52,000,0.39
2002-02-01,0.52,0.52,0.52,0.52,9900,0.39
2002-01-31,0.52,0.54,0.52,0.54,1000,0.41
2002-01-30,0.52,0.52,0.52,0.52,000,0.39
2002-01-29,0.52,0.52,0.52,0.52,10000,0.39
2002-01-25,0.52,0.52,0.52,0.52,000,0.39
2002-01-24,0.53,0.53,0.52,0.52,36600,0.39
2002-01-23,0.51,0.51,0.51,0.51,000,0.38
2002-01-22,0.52,0.52,0.51,0.51,15800,0.38
2002-01-21,0.53,0.53,0.53,0.53,30000,0.40
2002-01-18,0.52,0.52,0.52,0.52,000,0.39
2002-01-17,0.52,0.52,0.52,0.52,25000,0.39
2002-01-16,0.53,0.53,0.53,0.53,000,0.40
2002-01-15,0.53,0.53,0.53,0.53,10000,0.40
2002-01-14,0.53,0.54,0.51,0.54,42000,0.41
2002-01-11,0.53,0.53,0.53,0.53,000,0.40
2002-01-10,0.53,0.53,0.53,0.53,000,0.40
2002-01-09,0.53,0.53,0.53,0.53,7000,0.40
2002-01-08,0.54,0.54,0.54,0.54,000,0.41
2002-01-07,0.54,0.54,0.54,0.54,3900,0.41
2002-01-04,0.51,0.51,0.51,0.51,000,0.38
2002-01-03,0.51,0.51,0.51,0.51,000,0.38
2002-01-02,0.51,0.51,0.51,0.51,000,0.38
2001-12-31,0.51,0.51,0.51,0.51,000,0.38
2001-12-28,0.51,0.51,0.51,0.51,000,0.38
2001-12-27,0.51,0.51,0.51,0.51,000,0.38
2001-12-24,0.51,0.51,0.51,0.51,000,0.38
2001-12-21,0.51,0.51,0.51,0.51,000,0.38
2001-12-20,0.51,0.51,0.51,0.51,11000,0.38
2001-12-19,0.52,0.52,0.52,0.52,000,0.39
2001-12-18,0.52,0.52,0.52,0.52,31500,0.39
2001-12-17,0.52,0.52,0.52,0.52,200,0.39
2001-12-14,0.54,0.54,0.54,0.54,25000,0.41
2001-12-13,0.54,0.55,0.54,0.55,16600,0.41
2001-12-12,0.54,0.55,0.54,0.55,2800,0.41
2001-12-11,0.54,0.54,0.54,0.54,9800,0.41
2001-12-10,0.52,0.54,0.52,0.54,10700,0.41
2001-12-07,0.53,0.53,0.52,0.52,6000,0.39
2001-12-06,0.54,0.54,0.54,0.54,5000,0.41
2001-12-05,0.54,0.54,0.54,0.54,000,0.41
2001-12-04,0.54,0.54,0.54,0.54,5000,0.41
2001-12-03,0.54,0.54,0.52,0.52,7000,0.39
2001-11-30,0.52,0.52,0.52,0.52,30000,0.39
2001-11-29,0.56,0.56,0.56,0.56,000,0.42
2001-11-28,0.56,0.56,0.56,0.56,3000,0.42
2001-11-27,0.52,0.55,0.52,0.55,17000,0.41
2001-11-26,0.54,0.56,0.52,0.52,111900,0.39
2001-11-23,0.54,0.54,0.52,0.52,110000,0.39
2001-11-22,0.52,0.52,0.52,0.52,000,0.39
2001-11-21,0.52,0.52,0.52,0.52,54500,0.39
2001-11-20,0.52,0.55,0.52,0.52,52800,0.39
2001-11-19,0.52,0.52,0.52,0.52,000,0.39
2001-11-16,0.52,0.52,0.52,0.52,42000,0.39
2001-11-15,0.52,0.52,0.52,0.52,5000,0.39
2001-11-14,0.53,0.53,0.47,0.47,14700,0.32
2001-11-13,0.50,0.51,0.49,0.49,17600,0.33
2001-11-12,0.47,0.48,0.47,0.48,11000,0.32
2001-11-09,0.47,0.47,0.47,0.47,000,0.32
2001-11-08,0.47,0.47,0.47,0.47,11000,0.32
2001-11-07,0.50,0.50,0.50,0.50,000,0.34
2001-11-06,0.50,0.50,0.50,0.50,000,0.34
2001-11-05,0.50,0.50,0.50,0.50,000,0.34
2001-11-02,0.50,0.50,0.50,0.50,000,0.34
2001-11-01,0.50,0.50,0.50,0.50,000,0.34
2001-10-31,0.50,0.50,0.50,0.50,000,0.34
2001-10-30,0.50,0.50,0.50,0.50,000,0.34
2001-10-29,0.50,0.50,0.50,0.50,000,0.34
2001-10-26,0.50,0.50,0.50,0.50,5500,0.34
2001-10-25,0.44,0.45,0.44,0.45,27500,0.31
2001-10-24,0.44,0.44,0.44,0.44,000,0.29
2001-10-23,0.44,0.44,0.44,0.44,000,0.29
2001-10-22,0.44,0.44,0.44,0.44,15400,0.29
2001-10-19,0.42,0.44,0.42,0.44,12100,0.29
2001-10-18,0.43,0.43,0.41,0.41,28600,0.27
2001-10-17,0.44,0.44,0.43,0.43,30800,0.29
2001-10-16,0.46,0.46,0.46,0.46,11000,0.31
2001-10-15,0.47,0.47,0.47,0.47,000,0.32
2001-10-12,0.47,0.47,0.47,0.47,2600,0.32
2001-10-11,0.44,0.44,0.44,0.44,000,0.29
2001-10-10,0.44,0.44,0.44,0.44,000,0.29
2001-10-09,0.44,0.44,0.44,0.44,000,0.29
2001-10-08,0.44,0.44,0.44,0.44,000,0.29
2001-10-05,0.44,0.44,0.44,0.44,000,0.29
2001-10-04,0.44,0.44,0.44,0.44,000,0.29
2001-10-03,0.44,0.44,0.44,0.44,000,0.29
2001-10-02,0.44,0.44,0.44,0.44,000,0.29
2001-10-01,0.44,0.44,0.44,0.44,000,0.29
2001-09-28,0.44,0.44,0.44,0.44,11500,0.29
2001-09-27,0.49,0.49,0.44,0.44,19200,0.29
2001-09-26,0.49,0.49,0.49,0.49,000,0.33
2001-09-25,0.49,0.49,0.49,0.49,2200,0.33
2001-09-24,0.45,0.45,0.45,0.45,17600,0.30
2001-09-21,0.45,0.45,0.45,0.45,13200,0.31
2001-09-20,0.43,0.43,0.43,0.43,000,0.29
2001-09-19,0.43,0.43,0.43,0.43,000,0.29
2001-09-18,0.43,0.43,0.43,0.43,000,0.29
2001-09-17,0.43,0.43,0.43,0.43,11000,0.29
2001-09-14,0.44,0.44,0.44,0.44,11000,0.29
2001-09-13,0.36,0.36,0.36,0.36,000,0.24
2001-09-12,0.36,0.36,0.36,0.36,000,0.24
2001-09-11,0.36,0.36,0.36,0.36,000,0.24
2001-09-10,0.36,0.36,0.36,0.36,15800,0.24
2001-09-07,0.36,0.36,0.36,0.36,000,0.24
2001-09-06,0.34,0.36,0.34,0.36,62700,0.24
2001-09-05,0.34,0.34,0.34,0.34,000,0.23
2001-09-04,0.34,0.34,0.34,0.34,000,0.23
2001-09-03,0.34,0.34,0.34,0.34,000,0.23
2001-08-31,0.34,0.34,0.34,0.34,000,0.23
2001-08-30,0.34,0.34,0.34,0.34,000,0.23
2001-08-29,0.34,0.34,0.34,0.34,000,0.23
2001-08-28,0.34,0.34,0.34,0.34,000,0.23
2001-08-27,0.34,0.34,0.34,0.34,000,0.23
2001-08-24,0.34,0.34,0.34,0.34,000,0.23
2001-08-23,0.34,0.34,0.34,0.34,000,0.23
2001-08-22,0.34,0.34,0.34,0.34,000,0.23
2001-08-21,0.34,0.34,0.34,0.34,000,0.23
2001-08-20,0.34,0.34,0.34,0.34,000,0.23
2001-08-17,0.34,0.34,0.34,0.34,000,0.23
2001-08-16,0.34,0.34,0.34,0.34,000,0.23
2001-08-15,0.34,0.34,0.34,0.34,000,0.23
2001-08-14,0.34,0.34,0.34,0.34,000,0.23
2001-08-13,0.34,0.34,0.34,0.34,6200,0.23
2001-08-10,0.34,0.34,0.34,0.34,000,0.23
2001-08-09,0.34,0.34,0.34,0.34,11000,0.23
2001-08-08,0.33,0.33,0.33,0.33,000,0.22
2001-08-07,0.32,0.33,0.32,0.33,27700,0.22
2001-08-06,0.34,0.34,0.34,0.34,000,0.23
2001-08-03,0.34,0.34,0.34,0.34,000,0.23
2001-08-02,0.34,0.34,0.34,0.34,000,0.23
2001-08-01,0.34,0.34,0.34,0.34,000,0.23
2001-07-31,0.34,0.34,0.34,0.34,000,0.23
2001-07-30,0.34,0.34,0.34,0.34,11000,0.23
2001-07-27,0.32,0.32,0.32,0.32,000,0.22
2001-07-26,0.32,0.32,0.32,0.32,000,0.22
2001-07-25,0.32,0.32,0.32,0.32,000,0.22
2001-07-24,0.32,0.32,0.32,0.32,000,0.22
2001-07-23,0.32,0.32,0.32,0.32,16500,0.22
2001-07-20,0.32,0.32,0.32,0.32,000,0.21
2001-07-19,0.32,0.32,0.32,0.32,000,0.21
2001-07-18,0.34,0.34,0.32,0.32,51400,0.21
2001-07-17,0.34,0.34,0.34,0.34,000,0.23
2001-07-16,0.34,0.34,0.34,0.34,000,0.23
2001-07-13,0.34,0.34,0.34,0.34,11000,0.23
2001-07-12,0.35,0.35,0.35,0.35,000,0.23
2001-07-11,0.35,0.35,0.35,0.35,000,0.23
2001-07-10,0.35,0.35,0.35,0.35,11000,0.23
2001-07-09,0.35,0.35,0.35,0.35,000,0.23
2001-07-06,0.35,0.35,0.35,0.35,38500,0.23
2001-07-05,0.35,0.35,0.35,0.35,000,0.24
2001-07-04,0.35,0.35,0.35,0.35,000,0.24
2001-07-03,0.35,0.35,0.35,0.35,29400,0.24
2001-07-02,0.34,0.34,0.34,0.34,000,0.23
2001-06-29,0.34,0.34,0.34,0.34,000,0.23
2001-06-28,0.34,0.34,0.34,0.34,000,0.23
2001-06-27,0.34,0.34,0.34,0.34,000,0.23
2001-06-26,0.34,0.34,0.34,0.34,800,0.23
2001-06-25,0.34,0.34,0.34,0.34,000,0.23
2001-06-22,0.34,0.34,0.34,0.34,2600,0.23
2001-06-21,0.35,0.35,0.35,0.35,000,0.24
2001-06-20,0.35,0.35,0.35,0.35,000,0.24
2001-06-19,0.35,0.35,0.35,0.35,000,0.24
2001-06-18,0.35,0.35,0.35,0.35,000,0.24
2001-06-15,0.35,0.35,0.35,0.35,000,0.24
2001-06-14,0.35,0.35,0.35,0.35,000,0.24
2001-06-13,0.35,0.35,0.35,0.35,000,0.24
2001-06-12,0.35,0.35,0.35,0.35,27500,0.24
2001-06-08,0.35,0.35,0.35,0.35,14900,0.24
2001-06-07,0.35,0.35,0.35,0.35,000,0.24
2001-06-06,0.35,0.35,0.35,0.35,000,0.24
2001-06-05,0.35,0.35,0.35,0.35,000,0.24
2001-06-04,0.35,0.35,0.35,0.35,000,0.24
2001-06-01,0.35,0.35,0.35,0.35,11000,0.24
2001-05-31,0.32,0.32,0.32,0.32,000,0.21
2001-05-30,0.32,0.32,0.32,0.32,000,0.21
2001-05-29,0.32,0.32,0.32,0.32,000,0.21
2001-05-28,0.32,0.32,0.32,0.32,000,0.21
2001-05-25,0.32,0.32,0.32,0.32,000,0.21
2001-05-24,0.32,0.32,0.32,0.32,000,0.21
2001-05-23,0.32,0.32,0.32,0.32,000,0.21
2001-05-22,0.37,0.37,0.32,0.32,21200,0.21
2001-05-21,0.37,0.37,0.37,0.37,11000,0.25
2001-05-18,0.35,0.37,0.35,0.37,32400,0.25
2001-05-17,0.34,0.34,0.34,0.34,000,0.23
2001-05-16,0.34,0.34,0.34,0.34,000,0.23
2001-05-15,0.34,0.34,0.34,0.34,000,0.23
2001-05-14,0.33,0.34,0.33,0.34,16500,0.23
2001-05-11,0.32,0.32,0.32,0.32,000,0.21
2001-05-10,0.32,0.32,0.32,0.32,000,0.21
2001-05-09,0.32,0.32,0.32,0.32,000,0.21
2001-05-08,0.32,0.32,0.32,0.32,5500,0.21
2001-05-07,0.32,0.32,0.32,0.32,16500,0.21
2001-05-04,0.33,0.33,0.32,0.32,49500,0.21
2001-05-03,0.31,0.31,0.31,0.31,000,0.21
2001-05-02,0.31,0.31,0.31,0.31,000,0.21
2001-05-01,0.31,0.31,0.31,0.31,16500,0.21
2001-04-30,0.30,0.30,0.30,0.30,000,0.20
2001-04-27,0.30,0.30,0.30,0.30,000,0.20
2001-04-26,0.30,0.30,0.30,0.30,000,0.20
2001-04-24,0.30,0.30,0.30,0.30,000,0.20
2001-04-23,0.30,0.30,0.30,0.30,000,0.20
2001-04-20,0.30,0.30,0.30,0.30,000,0.20
2001-04-19,0.30,0.30,0.30,0.30,000,0.20
2001-04-18,0.30,0.30,0.30,0.30,000,0.20
2001-04-17,0.30,0.30,0.30,0.30,000,0.20
2001-04-12,0.30,0.30,0.30,0.30,000,0.20
2001-04-11,0.30,0.30,0.30,0.30,11000,0.20
2001-04-10,0.25,0.25,0.25,0.25,000,0.17
2001-04-09,0.25,0.25,0.25,0.25,000,0.17
2001-04-06,0.25,0.25,0.25,0.25,000,0.17
2001-04-05,0.25,0.25,0.25,0.25,000,0.17
2001-04-04,0.30,0.30,0.25,0.25,15700,0.17
2001-04-03,0.30,0.30,0.30,0.30,000,0.20
2001-04-02,0.30,0.30,0.30,0.30,110000,0.20
2001-03-30,0.33,0.33,0.33,0.33,5500,0.22
2001-03-29,0.32,0.32,0.32,0.32,000,0.21
2001-03-28,0.32,0.32,0.32,0.32,000,0.21
2001-03-27,0.32,0.32,0.32,0.32,000,0.21
2001-03-26,0.32,0.32,0.32,0.32,000,0.21
2001-03-23,0.32,0.32,0.32,0.32,11000,0.21
2001-03-22,0.30,0.30,0.30,0.30,22000,0.20
2001-03-21,0.28,0.28,0.25,0.25,79600,0.17
2001-03-20,0.26,0.26,0.26,0.26,000,0.17
2001-03-19,0.26,0.26,0.26,0.26,000,0.17
2001-03-16,0.26,0.26,0.26,0.26,000,0.17
2001-03-15,0.26,0.26,0.26,0.26,000,0.17
2001-03-14,0.26,0.26,0.26,0.26,1300,0.17
2001-03-13,0.26,0.26,0.26,0.26,000,0.17
2001-03-12,0.26,0.26,0.26,0.26,000,0.17
2001-03-09,0.26,0.26,0.26,0.26,000,0.17
2001-03-08,0.26,0.26,0.26,0.26,000,0.17
2001-03-07,0.26,0.26,0.26,0.26,000,0.17
2001-03-06,0.26,0.26,0.26,0.26,000,0.17
2001-03-05,0.26,0.26,0.26,0.26,000,0.17
2001-03-02,0.26,0.26,0.26,0.26,000,0.17
2001-03-01,0.26,0.26,0.26,0.26,000,0.17
2001-02-28,0.26,0.26,0.26,0.26,000,0.17
2001-02-27,0.26,0.26,0.26,0.26,000,0.17
2001-02-26,0.26,0.26,0.26,0.26,1900,0.17
2001-02-23,0.28,0.28,0.28,0.28,000,0.19
2001-02-22,0.28,0.28,0.28,0.28,11600,0.19
2001-02-21,0.27,0.27,0.27,0.27,000,0.18
2001-02-20,0.27,0.27,0.27,0.27,000,0.18
2001-02-19,0.27,0.27,0.27,0.27,000,0.18
2001-02-16,0.27,0.27,0.27,0.27,000,0.18
2001-02-15,0.27,0.27,0.27,0.27,15800,0.18
2001-02-14,0.28,0.28,0.28,0.28,000,0.19
2001-02-13,0.28,0.28,0.28,0.28,000,0.19
2001-02-12,0.28,0.28,0.28,0.28,000,0.19
2001-02-09,0.28,0.28,0.28,0.28,000,0.19
2001-02-08,0.28,0.28,0.28,0.28,000,0.19
2001-02-07,0.28,0.28,0.28,0.28,000,0.19
2001-02-06,0.28,0.28,0.28,0.28,000,0.19
2001-02-05,0.28,0.28,0.28,0.28,12500,0.19
2001-02-02,0.27,0.27,0.27,0.27,000,0.18
2001-02-01,0.27,0.27,0.27,0.27,000,0.18
2001-01-31,0.27,0.27,0.27,0.27,000,0.18
2001-01-30,0.27,0.27,0.27,0.27,600,0.18
2001-01-29,0.29,0.29,0.29,0.29,000,0.20
2001-01-25,0.29,0.29,0.29,0.29,000,0.20
2001-01-24,0.29,0.29,0.29,0.29,000,0.20
2001-01-23,0.29,0.29,0.29,0.29,000,0.20
2001-01-22,0.29,0.29,0.29,0.29,000,0.20
2001-01-19,0.29,0.29,0.29,0.29,000,0.20
2001-01-18,0.29,0.29,0.29,0.29,000,0.20
2001-01-17,0.29,0.29,0.29,0.29,000,0.20
2001-01-16,0.29,0.29,0.29,0.29,000,0.20
2001-01-15,0.29,0.29,0.29,0.29,000,0.20
2001-01-12,0.29,0.29,0.29,0.29,13300,0.20
2001-01-11,0.29,0.29,0.29,0.29,000,0.20
2001-01-10,0.29,0.29,0.29,0.29,000,0.20
2001-01-09,0.29,0.29,0.29,0.29,11000,0.20
2001-01-08,0.32,0.32,0.32,0.32,000,0.21
2001-01-05,0.32,0.32,0.32,0.32,000,0.21
2001-01-04,0.32,0.32,0.32,0.32,000,0.21
2001-01-03,0.32,0.32,0.32,0.32,000,0.21
2001-01-02,0.32,0.32,0.32,0.32,000,0.21
2000-12-29,0.32,0.32,0.32,0.32,000,0.21
2000-12-28,0.32,0.32,0.32,0.32,000,0.21
2000-12-27,0.29,0.32,0.29,0.32,25400,0.21
2000-12-22,0.31,0.31,0.31,0.31,000,0.21
2000-12-21,0.31,0.31,0.31,0.31,000,0.21
2000-12-20,0.31,0.31,0.31,0.31,4100,0.21
2000-12-19,0.27,0.27,0.27,0.27,000,0.18
2000-12-18,0.27,0.27,0.27,0.27,000,0.18
2000-12-15,0.27,0.27,0.27,0.27,000,0.18
2000-12-14,0.29,0.29,0.27,0.27,12500,0.18
2000-12-13,0.30,0.30,0.30,0.30,000,0.20
2000-12-12,0.30,0.30,0.30,0.30,000,0.20
2000-12-11,0.30,0.30,0.30,0.30,22000,0.20
2000-12-08,0.32,0.32,0.32,0.32,000,0.21
2000-12-07,0.32,0.32,0.32,0.32,000,0.21
2000-12-06,0.32,0.32,0.32,0.32,000,0.21
2000-12-05,0.32,0.32,0.32,0.32,000,0.21
2000-12-04,0.32,0.32,0.32,0.32,000,0.21
2000-12-01,0.32,0.32,0.32,0.32,000,0.21
2000-11-30,0.32,0.32,0.32,0.32,000,0.21
2000-11-29,0.32,0.32,0.32,0.32,12500,0.21
2000-11-28,0.32,0.32,0.32,0.32,2200,0.21
2000-11-27,0.28,0.28,0.28,0.28,000,0.19
2000-11-24,0.27,0.28,0.27,0.28,9800,0.19
2000-11-23,0.25,0.25,0.25,0.25,000,0.17
2000-11-22,0.25,0.25,0.25,0.25,5500,0.17
2000-11-21,0.27,0.27,0.27,0.27,000,0.18
2000-11-20,0.27,0.27,0.27,0.27,000,0.18
2000-11-17,0.27,0.27,0.27,0.27,000,0.18
2000-11-16,0.27,0.27,0.27,0.27,11800,0.18
2000-11-15,0.27,0.27,0.27,0.27,000,0.18
2000-11-14,0.27,0.27,0.27,0.27,000,0.18
2000-11-13,0.27,0.27,0.27,0.27,9600,0.18
2000-11-10,0.28,0.28,0.28,0.28,000,0.18
2000-11-09,0.28,0.28,0.28,0.28,000,0.18
2000-11-08,0.28,0.28,0.28,0.28,000,0.18
2000-11-07,0.28,0.28,0.28,0.28,000,0.18
2000-11-06,0.28,0.28,0.28,0.28,000,0.18
2000-11-03,0.28,0.28,0.28,0.28,000,0.18
2000-11-02,0.28,0.28,0.28,0.28,000,0.18
2000-11-01,0.28,0.28,0.28,0.28,000,0.18
2000-10-31,0.28,0.28,0.28,0.28,000,0.18
2000-10-30,0.28,0.28,0.28,0.28,000,0.18
2000-10-27,0.28,0.28,0.28,0.28,000,0.18
2000-10-26,0.28,0.28,0.28,0.28,000,0.18
2000-10-25,0.28,0.28,0.28,0.28,000,0.18
2000-10-24,0.28,0.28,0.28,0.28,000,0.18
2000-10-23,0.28,0.28,0.28,0.28,9900,0.18
2000-10-20,0.32,0.32,0.32,0.32,000,0.21
2000-10-19,0.32,0.32,0.32,0.32,000,0.21
2000-10-18,0.32,0.32,0.32,0.32,000,0.21
2000-10-17,0.32,0.32,0.32,0.32,000,0.21
2000-10-16,0.32,0.32,0.32,0.32,000,0.21
2000-10-13,0.32,0.32,0.32,0.32,000,0.21
2000-10-12,0.32,0.32,0.32,0.32,000,0.21
2000-10-11,0.32,0.32,0.32,0.32,000,0.21
2000-10-10,0.32,0.32,0.32,0.32,5500,0.21
2000-10-09,0.28,0.28,0.28,0.28,6600,0.18
2000-10-06,0.28,0.28,0.28,0.28,000,0.18
2000-10-05,0.28,0.28,0.28,0.28,000,0.18
2000-10-04,0.28,0.28,0.28,0.28,000,0.18
2000-10-03,0.28,0.28,0.28,0.28,000,0.18
2000-10-02,0.28,0.28,0.28,0.28,1900,0.18
2000-09-29,0.27,0.27,0.27,0.27,000,0.17
2000-09-28,0.27,0.27,0.27,0.27,000,0.17
2000-09-27,0.27,0.27,0.27,0.27,37200,0.17
2000-09-26,0.27,0.27,0.27,0.27,000,0.17
2000-09-25,0.27,0.27,0.27,0.27,000,0.17
2000-09-22,0.27,0.27,0.27,0.27,000,0.17
2000-09-21,0.27,0.27,0.27,0.27,000,0.17
2000-09-20,0.27,0.27,0.27,0.27,000,0.17
2000-09-19,0.27,0.27,0.27,0.27,000,0.17
2000-09-18,0.27,0.27,0.27,0.27,2200,0.17
2000-09-15,0.23,0.23,0.23,0.23,000,0.15
2000-09-14,0.23,0.23,0.23,0.23,000,0.15
2000-09-13,0.23,0.23,0.23,0.23,000,0.15
2000-09-12,0.23,0.23,0.23,0.23,000,0.15
2000-09-11,0.23,0.23,0.23,0.23,000,0.15
2000-09-08,0.23,0.23,0.23,0.23,000,0.15
2000-09-07,0.23,0.23,0.23,0.23,000,0.15
2000-09-06,0.23,0.23,0.23,0.23,000,0.15
2000-09-05,0.23,0.23,0.23,0.23,22000,0.15
2000-09-04,0.24,0.24,0.24,0.24,000,0.15
2000-09-01,0.24,0.24,0.24,0.24,000,0.15
2000-08-31,0.24,0.24,0.24,0.24,000,0.15
2000-08-30,0.24,0.24,0.24,0.24,000,0.15
2000-08-29,0.24,0.24,0.24,0.24,000,0.15
2000-08-28,0.24,0.24,0.24,0.24,000,0.15
2000-08-25,0.24,0.24,0.24,0.24,000,0.15
2000-08-24,0.24,0.24,0.24,0.24,000,0.15
2000-08-23,0.24,0.24,0.24,0.24,000,0.15
2000-08-22,0.24,0.24,0.24,0.24,000,0.15
2000-08-21,0.24,0.24,0.24,0.24,000,0.15
2000-08-18,0.24,0.24,0.24,0.24,11000,0.15
2000-08-17,0.23,0.24,0.23,0.23,34000,0.15
2000-08-16,0.21,0.21,0.21,0.21,3300,0.13
2000-08-15,0.18,0.18,0.18,0.18,000,0.12
2000-08-14,0.18,0.18,0.18,0.18,000,0.12
2000-08-11,0.23,0.23,0.18,0.18,12100,0.12
2000-08-10,0.23,0.23,0.23,0.23,000,0.15
2000-08-09,0.23,0.23,0.23,0.23,000,0.15
2000-08-08,0.23,0.23,0.23,0.23,000,0.15
2000-08-07,0.23,0.23,0.23,0.23,7800,0.15
2000-08-04,0.23,0.23,0.23,0.23,000,0.15
2000-08-03,0.23,0.23,0.23,0.23,000,0.15
2000-08-02,0.23,0.23,0.23,0.23,35000,0.15
2000-08-01,0.23,0.23,0.23,0.23,16200,0.15
2000-07-31,0.23,0.23,0.23,0.23,000,0.15
2000-07-28,0.23,0.23,0.23,0.23,000,0.15
2000-07-27,0.23,0.23,0.23,0.23,000,0.15
2000-07-26,0.23,0.23,0.23,0.23,000,0.15
2000-07-25,0.23,0.23,0.23,0.23,000,0.15
2000-07-24,0.23,0.23,0.23,0.23,000,0.15
2000-07-21,0.23,0.23,0.23,0.23,22000,0.15
2000-07-20,0.24,0.24,0.24,0.24,000,0.15
2000-07-19,0.24,0.24,0.24,0.24,15800,0.15
2000-07-18,0.25,0.25,0.25,0.25,000,0.16
2000-07-17,0.25,0.25,0.25,0.25,000,0.16
2000-07-14,0.25,0.25,0.25,0.25,22000,0.16
2000-07-13,0.24,0.24,0.24,0.24,000,0.15
2000-07-12,0.24,0.24,0.24,0.24,000,0.15
2000-07-11,0.24,0.24,0.24,0.24,000,0.15
2000-07-10,0.24,0.24,0.24,0.24,000,0.15
2000-07-07,0.24,0.24,0.24,0.24,000,0.15
2000-07-06,0.24,0.24,0.24,0.24,000,0.15
2000-07-05,0.24,0.24,0.24,0.24,000,0.15
2000-07-04,0.24,0.24,0.24,0.24,12100,0.15
2000-07-03,0.24,0.24,0.24,0.24,000,0.15
2000-06-30,0.24,0.24,0.24,0.24,000,0.15
2000-06-29,0.24,0.24,0.24,0.24,000,0.15
2000-06-28,0.24,0.24,0.24,0.24,35000,0.15
2000-06-27,0.25,0.25,0.24,0.24,72000,0.15
2000-06-26,0.27,0.27,0.27,0.27,000,0.18
2000-06-23,0.27,0.27,0.27,0.27,000,0.18
2000-06-22,0.27,0.27,0.27,0.27,000,0.18
2000-06-21,0.27,0.27,0.27,0.27,000,0.18
2000-06-20,0.27,0.27,0.27,0.27,000,0.18
2000-06-19,0.27,0.27,0.27,0.27,000,0.18
2000-06-16,0.27,0.27,0.27,0.27,000,0.18
2000-06-15,0.27,0.27,0.27,0.27,000,0.18
2000-06-14,0.27,0.27,0.27,0.27,000,0.18
2000-06-13,0.27,0.27,0.27,0.27,000,0.18
2000-06-09,0.27,0.27,0.27,0.27,000,0.18
2000-06-08,0.27,0.27,0.27,0.27,000,0.18
2000-06-07,0.27,0.27,0.27,0.27,000,0.18
2000-06-06,0.27,0.27,0.27,0.27,000,0.18
2000-06-05,0.27,0.27,0.27,0.27,000,0.18
2000-06-02,0.27,0.27,0.27,0.27,000,0.18
2000-06-01,0.27,0.27,0.27,0.27,000,0.18
2000-05-31,0.27,0.27,0.27,0.27,000,0.18
2000-05-30,0.27,0.27,0.27,0.27,000,0.18
2000-05-29,0.27,0.27,0.27,0.27,000,0.18
2000-05-26,0.27,0.27,0.27,0.27,000,0.18
2000-05-25,0.27,0.27,0.27,0.27,000,0.18
2000-05-24,0.27,0.27,0.27,0.27,000,0.18
2000-05-23,0.27,0.27,0.27,0.27,000,0.18
2000-05-22,0.27,0.27,0.27,0.27,000,0.18
2000-05-19,0.27,0.27,0.27,0.27,000,0.18
2000-05-18,0.27,0.27,0.27,0.27,000,0.18
2000-05-17,0.27,0.27,0.27,0.27,000,0.18
2000-05-16,0.29,0.29,0.27,0.27,15700,0.18
2000-05-15,0.29,0.29,0.29,0.29,15700,0.18
2000-05-12,0.27,0.27,0.27,0.27,000,0.18
2000-05-11,0.27,0.27,0.27,0.27,000,0.18
2000-05-10,0.27,0.27,0.27,0.27,000,0.18
2000-05-09,0.28,0.28,0.27,0.27,48400,0.18
2000-05-08,0.28,0.28,0.28,0.28,000,0.18
2000-05-05,0.28,0.28,0.28,0.28,000,0.18
2000-05-04,0.28,0.28,0.28,0.28,000,0.18
2000-05-03,0.28,0.28,0.28,0.28,000,0.18
2000-05-02,0.28,0.28,0.28,0.28,000,0.18
2000-05-01,0.28,0.28,0.28,0.28,000,0.18
2000-04-28,0.30,0.30,0.28,0.28,44600,0.18
2000-04-27,0.32,0.32,0.32,0.32,000,0.21
2000-04-26,0.32,0.32,0.32,0.32,000,0.21
2000-04-20,0.32,0.32,0.32,0.32,000,0.21
2000-04-19,0.32,0.32,0.32,0.32,26800,0.21
2000-04-18,0.25,0.25,0.25,0.25,000,0.16
2000-04-17,0.25,0.25,0.25,0.25,000,0.16
2000-04-14,0.25,0.25,0.25,0.25,000,0.16
2000-04-13,0.25,0.25,0.25,0.25,000,0.16
2000-04-12,0.25,0.25,0.25,0.25,000,0.16
2000-04-11,0.25,0.25,0.25,0.25,000,0.16
2000-04-10,0.25,0.25,0.25,0.25,000,0.16
2000-04-07,0.25,0.25,0.25,0.25,2200,0.16
2000-04-06,0.24,0.24,0.24,0.24,000,0.15
2000-04-05,0.24,0.24,0.24,0.24,000,0.15
2000-04-04,0.24,0.24,0.24,0.24,000,0.15
2000-04-03,0.24,0.24,0.24,0.24,000,0.15
2000-03-31,0.24,0.24,0.24,0.24,000,0.15
2000-03-30,0.24,0.24,0.24,0.24,000,0.15
2000-03-29,0.24,0.24,0.24,0.24,000,0.15
2000-03-28,0.24,0.24,0.24,0.24,11500,0.15
2000-03-27,0.24,0.24,0.24,0.24,000,0.15
2000-03-24,0.24,0.24,0.24,0.24,17600,0.15
2000-03-23,0.25,0.25,0.25,0.25,000,0.16
2000-03-22,0.23,0.23,0.23,0.23,000,0.14
2000-03-21,0.23,0.23,0.23,0.23,000,0.14
2000-03-20,0.23,0.23,0.23,0.23,000,0.14
2000-03-17,0.23,0.23,0.23,0.23,36700,0.14
2000-03-16,0.23,0.23,0.23,0.23,32100,0.14
2000-03-15,0.23,0.23,0.23,0.23,000,0.14
2000-03-14,0.23,0.23,0.23,0.23,9600,0.14
2000-03-13,0.21,0.21,0.21,0.21,000,0.12
2000-03-10,0.21,0.21,0.21,0.21,2900,0.12
2000-03-09,0.20,0.20,0.20,0.20,000,0.12
2000-03-08,0.20,0.20,0.20,0.20,000,0.12
2000-03-07,0.20,0.20,0.20,0.20,4300,0.12
2000-03-06,0.20,0.20,0.20,0.20,000,0.12
2000-03-03,0.20,0.20,0.20,0.20,10200,0.12
2000-03-02,0.20,0.20,0.20,0.20,000,0.12
2000-03-01,0.20,0.20,0.20,0.20,24200,0.12
2000-02-29,0.21,0.21,0.21,0.21,000,0.12
2000-02-28,0.21,0.21,0.21,0.21,000,0.12
2000-02-25,0.21,0.21,0.21,0.21,000,0.12
2000-02-24,0.21,0.21,0.21,0.21,000,0.12
2000-02-23,0.21,0.21,0.21,0.21,000,0.12
2000-02-22,0.21,0.21,0.21,0.21,000,0.12
2000-02-21,0.21,0.21,0.21,0.21,000,0.12
2000-02-18,0.21,0.21,0.21,0.21,000,0.12
2000-02-17,0.21,0.21,0.21,0.21,000,0.12
2000-02-16,0.21,0.21,0.21,0.21,000,0.12
2000-02-15,0.21,0.21,0.21,0.21,000,0.12
2000-02-14,0.21,0.21,0.21,0.21,000,0.12
2000-02-11,0.21,0.21,0.21,0.21,000,0.12
2000-02-10,0.21,0.21,0.21,0.21,000,0.12
2000-02-09,0.21,0.21,0.21,0.21,000,0.12
2000-02-08,0.21,0.21,0.21,0.21,000,0.12
2000-02-07,0.21,0.21,0.21,0.21,000,0.12
2000-02-04,0.21,0.21,0.21,0.21,000,0.12
2000-02-03,0.21,0.21,0.21,0.21,000,0.12
2000-02-02,0.21,0.21,0.21,0.21,000,0.12
2000-02-01,0.21,0.21,0.21,0.21,000,0.12
2000-01-31,0.21,0.21,0.21,0.21,000,0.12
2000-01-28,0.21,0.21,0.21,0.21,000,0.12
2000-01-27,0.21,0.21,0.21,0.21,000,0.12
2000-01-25,0.21,0.21,0.21,0.21,000,0.12
2000-01-24,0.21,0.21,0.21,0.21,1300,0.12
2000-01-21,0.21,0.21,0.21,0.21,000,0.12
2000-01-20,0.21,0.21,0.21,0.21,39600,0.12
2000-01-19,0.21,0.21,0.21,0.21,000,0.12
2000-01-18,0.21,0.21,0.21,0.21,24200,0.12
2000-01-17,0.20,0.20,0.20,0.20,000,0.12
2000-01-14,0.20,0.20,0.20,0.20,000,0.12
2000-01-13,0.20,0.20,0.20,0.20,000,0.12
2000-01-12,0.20,0.20,0.20,0.20,000,0.12
2000-01-11,0.20,0.20,0.20,0.20,12100,0.12
2000-01-10,0.18,0.18,0.18,0.18,000,0.10
2000-01-07,0.18,0.18,0.18,0.18,000,0.10
2000-01-06,0.18,0.18,0.18,0.18,000,0.10
2000-01-05,0.18,0.18,0.18,0.18,000,0.10
2000-01-04,0.18,0.18,0.18,0.18,000,0.10
1999-12-30,0.18,0.18,0.18,0.18,16500,0.10
1999-12-29,0.17,0.17,0.17,0.17,000,0.10
1999-12-24,0.17,0.17,0.17,0.17,000,0.10
1999-12-23,0.17,0.17,0.17,0.17,000,0.10
1999-12-22,0.17,0.17,0.17,0.17,000,0.10
1999-12-21,0.17,0.17,0.17,0.17,5300,0.10
1999-12-20,0.17,0.17,0.17,0.17,000,0.10
1999-12-17,0.17,0.17,0.17,0.17,3700,0.10
1999-12-16,0.17,0.17,0.17,0.17,9500,0.10
1999-12-15,0.18,0.18,0.18,0.18,000,0.11
1999-12-14,0.18,0.18,0.18,0.18,000,0.11
1999-12-13,0.18,0.18,0.18,0.18,000,0.11
1999-12-10,0.18,0.18,0.18,0.18,000,0.11
1999-12-09,0.18,0.18,0.18,0.18,000,0.11
1999-12-08,0.18,0.18,0.18,0.18,000,0.11
1999-12-07,0.18,0.18,0.18,0.18,000,0.11
1999-12-06,0.18,0.18,0.18,0.18,000,0.11
1999-12-03,0.18,0.18,0.18,0.18,000,0.11
1999-12-02,0.18,0.18,0.18,0.18,000,0.11
1999-12-01,0.18,0.18,0.18,0.18,000,0.11
1999-11-30,0.18,0.18,0.18,0.18,000,0.11
1999-11-29,0.18,0.18,0.18,0.18,000,0.11
1999-11-26,0.18,0.18,0.18,0.18,000,0.11
1999-11-25,0.18,0.18,0.18,0.18,000,0.11
1999-11-24,0.19,0.19,0.18,0.18,49900,0.11
1999-11-23,0.19,0.19,0.19,0.19,000,0.11
1999-11-22,0.19,0.19,0.19,0.19,900,0.11
1999-11-19,0.20,0.20,0.20,0.20,000,0.12
1999-11-18,0.20,0.20,0.20,0.20,000,0.12
1999-11-17,0.20,0.20,0.20,0.20,000,0.12
1999-11-16,0.20,0.20,0.20,0.20,000,0.12
1999-11-15,0.20,0.20,0.20,0.20,000,0.11
1999-11-12,0.20,0.20,0.20,0.20,000,0.11
1999-11-11,0.20,0.20,0.20,0.20,000,0.11
1999-11-10,0.20,0.20,0.20,0.20,000,0.11
1999-11-09,0.20,0.20,0.20,0.20,000,0.11
1999-11-08,0.20,0.20,0.20,0.20,000,0.11
1999-11-05,0.20,0.20,0.20,0.20,000,0.11
1999-11-04,0.20,0.20,0.20,0.20,3000,0.11
1999-11-03,0.18,0.18,0.18,0.18,000,0.10
1999-11-02,0.18,0.18,0.18,0.18,000,0.10
1999-11-01,0.18,0.18,0.18,0.18,000,0.10
1999-10-29,0.18,0.18,0.18,0.18,000,0.10
1999-10-28,0.18,0.18,0.18,0.18,000,0.10
1999-10-27,0.19,0.19,0.18,0.18,29000,0.10
1999-10-26,0.21,0.21,0.21,0.21,000,0.11
1999-10-25,0.21,0.21,0.21,0.21,000,0.11
1999-10-22,0.21,0.21,0.21,0.21,000,0.11
1999-10-21,0.21,0.21,0.21,0.21,000,0.11
1999-10-20,0.21,0.21,0.21,0.21,000,0.11
1999-10-19,0.21,0.21,0.21,0.21,000,0.11
1999-10-18,0.21,0.21,0.21,0.21,000,0.11
1999-10-15,0.21,0.21,0.21,0.21,000,0.11
1999-10-14,0.21,0.21,0.21,0.21,000,0.11
1999-10-13,0.21,0.21,0.21,0.21,6000,0.11
1999-10-12,0.21,0.21,0.21,0.21,000,0.11
1999-10-11,0.21,0.21,0.21,0.21,000,0.11
1999-10-08,0.21,0.21,0.21,0.21,000,0.11
1999-10-07,0.21,0.21,0.21,0.21,000,0.11
1999-10-06,0.21,0.21,0.21,0.21,000,0.11
1999-10-05,0.21,0.21,0.21,0.21,000,0.11
1999-10-04,0.21,0.21,0.21,0.21,000,0.11
1999-10-01,0.21,0.21,0.21,0.21,000,0.11
1999-09-30,0.21,0.21,0.21,0.21,000,0.11
1999-09-29,0.21,0.21,0.21,0.21,000,0.11
1999-09-28,0.21,0.21,0.21,0.21,000,0.11
1999-09-27,0.21,0.21,0.21,0.21,000,0.11
1999-09-24,0.21,0.21,0.21,0.21,000,0.11
1999-09-23,0.21,0.21,0.21,0.21,000,0.11
1999-09-22,0.21,0.21,0.21,0.21,000,0.11
1999-09-21,0.21,0.21,0.21,0.21,000,0.11
1999-09-20,0.21,0.21,0.21,0.21,000,0.11
1999-09-17,0.21,0.21,0.21,0.21,000,0.11
1999-09-16,0.21,0.21,0.21,0.21,000,0.11
1999-09-15,0.21,0.21,0.21,0.21,000,0.11
1999-09-14,0.21,0.21,0.21,0.21,000,0.11
1999-09-13,0.21,0.21,0.21,0.21,000,0.11
1999-09-10,0.21,0.21,0.21,0.21,000,0.11
1999-09-09,0.21,0.21,0.21,0.21,000,0.11
1999-09-08,0.21,0.21,0.21,0.21,000,0.11
1999-09-07,0.21,0.21,0.21,0.21,000,0.11
1999-09-06,0.21,0.21,0.21,0.21,000,0.11
1999-09-03,0.21,0.21,0.21,0.21,000,0.11
1999-09-02,0.21,0.21,0.21,0.21,000,0.11
1999-09-01,0.21,0.21,0.21,0.21,000,0.11
1999-08-31,0.21,0.21,0.21,0.21,000,0.11
1999-08-30,0.21,0.21,0.21,0.21,000,0.11
1999-08-27,0.21,0.21,0.21,0.21,000,0.11
1999-08-26,0.21,0.21,0.21,0.21,000,0.11
1999-08-25,0.21,0.21,0.21,0.21,000,0.11
1999-08-24,0.21,0.21,0.21,0.21,000,0.11
1999-08-23,0.21,0.21,0.21,0.21,000,0.11
1999-08-20,0.21,0.21,0.21,0.21,000,0.11
1999-08-19,0.21,0.21,0.21,0.21,000,0.11
1999-08-18,0.21,0.21,0.21,0.21,000,0.11
1999-08-17,0.21,0.21,0.21,0.21,000,0.11
1999-08-16,0.21,0.21,0.20,0.21,121000,0.11
1999-08-13,0.20,0.20,0.20,0.20,000,0.11
1999-08-12,0.20,0.20,0.20,0.20,25400,0.11
1999-08-11,0.19,0.19,0.19,0.19,000,0.10
1999-08-10,0.19,0.19,0.19,0.19,000,0.10
1999-08-09,0.19,0.19,0.19,0.19,000,0.10
1999-08-06,0.19,0.19,0.19,0.19,000,0.10
1999-08-05,0.19,0.19,0.19,0.19,000,0.10
1999-08-04,0.19,0.19,0.19,0.19,000,0.10
1999-08-03,0.19,0.19,0.19,0.19,000,0.10
1999-08-02,0.19,0.19,0.19,0.19,000,0.10
1999-07-30,0.19,0.19,0.19,0.19,000,0.10
1999-07-29,0.19,0.19,0.19,0.19,000,0.10
1999-07-28,0.19,0.19,0.19,0.19,000,0.10
1999-07-27,0.19,0.19,0.19,0.19,000,0.10
1999-07-26,0.19,0.19,0.19,0.19,000,0.10
1999-07-23,0.19,0.19,0.19,0.19,000,0.10
1999-07-22,0.19,0.19,0.19,0.19,000,0.10
1999-07-21,0.19,0.19,0.19,0.19,000,0.10
1999-07-20,0.19,0.19,0.19,0.19,000,0.10
1999-07-19,0.19,0.19,0.19,0.19,000,0.10
1999-07-16,0.19,0.19,0.19,0.19,000,0.10
1999-07-15,0.19,0.19,0.19,0.19,16500,0.10
1999-07-14,0.19,0.19,0.19,0.19,000,0.10
1999-07-13,0.19,0.19,0.19,0.19,000,0.10
1999-07-12,0.19,0.19,0.19,0.19,000,0.10
1999-07-09,0.19,0.19,0.19,0.19,29000,0.10
1999-07-08,0.19,0.19,0.19,0.19,30200,0.10
1999-07-07,0.19,0.19,0.19,0.19,000,0.10
1999-07-06,0.19,0.19,0.19,0.19,000,0.10
1999-07-05,0.19,0.19,0.19,0.19,000,0.10
1999-07-02,0.19,0.19,0.19,0.19,000,0.10
1999-07-01,0.19,0.19,0.19,0.19,000,0.10
1999-06-30,0.19,0.19,0.19,0.19,000,0.10
1999-06-29,0.19,0.19,0.19,0.19,000,0.10
1999-06-28,0.19,0.19,0.19,0.19,000,0.10
1999-06-25,0.19,0.19,0.19,0.19,000,0.10
1999-06-24,0.19,0.19,0.19,0.19,17300,0.10
1999-06-23,0.19,0.19,0.19,0.19,000,0.10
1999-06-22,0.19,0.19,0.19,0.19,000,0.10
1999-06-21,0.19,0.19,0.19,0.19,000,0.10
1999-06-18,0.19,0.19,0.19,0.19,000,0.10
1999-06-17,0.19,0.19,0.19,0.19,000,0.10
1999-06-16,0.19,0.19,0.19,0.19,000,0.10
1999-06-15,0.19,0.19,0.19,0.19,000,0.10
1999-06-11,0.19,0.19,0.19,0.19,000,0.10
1999-06-10,0.19,0.19,0.19,0.19,000,0.10
1999-06-09,0.19,0.19,0.19,0.19,000,0.10
1999-06-08,0.19,0.19,0.19,0.19,000,0.10
1999-06-07,0.19,0.19,0.19,0.19,38700,0.10
1999-06-04,0.17,0.17,0.17,0.17,000,0.10
1999-06-03,0.17,0.17,0.17,0.17,000,0.10
1999-06-02,0.17,0.17,0.17,0.17,000,0.10
1999-06-01,0.17,0.17,0.17,0.17,000,0.10
1999-05-31,0.17,0.17,0.17,0.17,000,0.10
1999-05-28,0.17,0.17,0.17,0.17,000,0.10
1999-05-27,0.17,0.17,0.17,0.17,000,0.10
1999-05-26,0.17,0.17,0.17,0.17,000,0.10
1999-05-25,0.17,0.17,0.17,0.17,000,0.10
1999-05-24,0.17,0.17,0.17,0.17,000,0.10
1999-05-21,0.17,0.17,0.17,0.17,000,0.10
1999-05-20,0.17,0.17,0.17,0.17,000,0.10
1999-05-19,0.17,0.17,0.17,0.17,000,0.10
1999-05-18,0.17,0.17,0.17,0.17,000,0.10
1999-05-17,0.17,0.17,0.17,0.17,000,0.10
1999-05-14,0.17,0.17,0.17,0.17,000,0.10
1999-05-13,0.17,0.17,0.17,0.17,000,0.10
1999-05-12,0.17,0.17,0.17,0.17,000,0.10
1999-05-11,0.17,0.17,0.17,0.17,000,0.10
1999-05-10,0.17,0.17,0.17,0.17,000,0.10
1999-05-07,0.17,0.17,0.17,0.17,000,0.10
1999-05-06,0.17,0.17,0.17,0.17,000,0.10
1999-05-05,0.17,0.17,0.17,0.17,000,0.10
1999-05-04,0.17,0.17,0.17,0.17,000,0.10
1999-05-03,0.17,0.17,0.17,0.17,000,0.10
1999-04-30,0.17,0.17,0.17,0.17,000,0.10
1999-04-29,0.17,0.17,0.17,0.17,49600,0.10
1999-04-28,0.17,0.17,0.17,0.17,000,0.10
1999-04-27,0.17,0.17,0.17,0.17,000,0.10
1999-04-26,0.17,0.17,0.17,0.17,000,0.10
1999-04-23,0.17,0.17,0.17,0.17,000,0.10
1999-04-22,0.17,0.17,0.17,0.17,000,0.10
1999-04-21,0.17,0.17,0.17,0.17,000,0.10
1999-04-20,0.17,0.17,0.17,0.17,000,0.10
1999-04-19,0.17,0.17,0.17,0.17,000,0.10
1999-04-16,0.17,0.17,0.17,0.17,000,0.10
1999-04-15,0.17,0.17,0.17,0.17,000,0.10
1999-04-14,0.17,0.17,0.17,0.17,000,0.10
1999-04-13,0.18,0.18,0.17,0.17,48400,0.10
1999-04-12,0.17,0.17,0.17,0.17,000,0.09
1999-04-09,0.17,0.17,0.17,0.17,000,0.09
1999-04-08,0.17,0.17,0.17,0.17,000,0.09
1999-04-07,0.17,0.17,0.17,0.17,000,0.09
1999-04-06,0.17,0.17,0.17,0.17,000,0.09
1999-04-01,0.17,0.17,0.17,0.17,000,0.09
1999-03-31,0.17,0.17,0.17,0.17,000,0.09
1999-03-30,0.17,0.17,0.17,0.17,000,0.09
1999-03-29,0.17,0.17,0.17,0.17,000,0.09
1999-03-26,0.17,0.17,0.17,0.17,000,0.09
1999-03-25,0.17,0.17,0.17,0.17,000,0.09
1999-03-24,0.17,0.17,0.17,0.17,000,0.09
1999-03-19,0.17,0.17,0.17,0.17,42300,0.09
1999-03-18,0.18,0.18,0.18,0.18,000,0.10
1999-03-17,0.18,0.18,0.18,0.18,000,0.10
1999-03-16,0.18,0.18,0.18,0.18,26600,0.10
1999-03-15,0.23,0.23,0.23,0.23,000,0.13
1999-03-12,0.23,0.23,0.23,0.23,000,0.13
1999-03-11,0.23,0.23,0.23,0.23,000,0.13
1999-03-10,0.23,0.23,0.23,0.23,000,0.13
1999-03-09,0.23,0.23,0.23,0.23,000,0.13
1999-03-08,0.23,0.23,0.23,0.23,000,0.13
1999-03-05,0.23,0.23,0.23,0.23,000,0.13
1999-03-04,0.23,0.23,0.23,0.23,000,0.13
1999-03-03,0.23,0.23,0.23,0.23,000,0.13
1999-03-02,0.23,0.23,0.23,0.23,000,0.13
1999-03-01,0.23,0.23,0.23,0.23,000,0.13
1999-02-26,0.23,0.23,0.23,0.23,000,0.13
1999-02-25,0.23,0.23,0.23,0.23,000,0.13
1999-02-24,0.23,0.23,0.23,0.23,000,0.13
1999-02-23,0.23,0.23,0.23,0.23,000,0.13
1999-02-22,0.23,0.23,0.23,0.23,000,0.13
1999-02-19,0.23,0.23,0.23,0.23,000,0.13
1999-02-18,0.23,0.23,0.23,0.23,000,0.13
1999-02-08,0.23,0.23,0.23,0.23,17700,0.13
1999-01-05,0.21,0.21,0.21,0.21,12100,0.11
1998-12-31,0.21,0.21,0.21,0.21,000,0.11
1998-11-30,0.21,0.21,0.21,0.21,000,0.11
1998-10-30,0.21,0.21,0.21,0.21,000,0.11
1998-09-30,0.21,0.21,0.21,0.21,000,0.11
1998-08-31,0.21,0.21,0.21,0.21,000,0.11
1998-07-31,0.21,0.21,0.21,0.21,000,0.11
1998-06-30,0.21,0.21,0.21,0.21,000,0.11
1998-05-29,0.19,0.19,0.19,0.19,000,0.10
1998-04-30,0.18,0.18,0.18,0.18,000,0.10
1998-03-31,0.21,0.21,0.21,0.21,000,0.11
1998-02-27,0.18,0.18,0.18,0.18,000,0.10
1998-01-30,0.23,0.23,0.23,0.23,000,0.12
1997-12-31,0.23,0.23,0.23,0.23,000,0.12
1997-11-28,0.15,0.15,0.15,0.15,000,0.08
1997-10-31,0.19,0.19,0.19,0.19,000,0.10
1997-09-30,0.25,0.25,0.25,0.25,000,0.13
1997-08-29,0.20,0.20,0.20,0.20,000,0.10
1997-07-31,0.21,0.21,0.21,0.21,000,0.11
1997-06-30,0.17,0.17,0.17,0.17,000,0.09
1997-05-30,0.20,0.20,0.20,0.20,000,0.10
1997-04-30,0.18,0.18,0.18,0.18,000,0.09
1997-03-27,0.17,0.17,0.17,0.17,000,0.09
1997-02-28,0.17,0.17,0.17,0.17,000,0.09
1997-01-31,0.17,0.17,0.17,0.17,000,0.09
1996-12-31,0.21,0.21,0.21,0.21,000,0.11
1996-11-29,0.17,0.17,0.17,0.17,000,0.09
1996-10-31,0.17,0.17,0.17,0.17,000,0.09
1996-09-30,0.21,0.21,0.21,0.21,000,0.11
1996-08-30,0.09,0.09,0.09,0.09,000,0.05
1996-07-31,0.10,0.10,0.10,0.10,000,0.05
1996-06-28,0.12,0.12,0.12,0.12,000,0.06
1996-05-31,0.12,0.12,0.12,0.12,000,0.06
1996-04-30,0.09,0.09,0.09,0.09,000,0.05
1996-03-29,0.12,0.12,0.12,0.12,000,0.06
1996-02-29,0.11,0.11,0.11,0.11,000,0.06
1996-01-31,0.09,0.09,0.09,0.09,000,0.05
1995-12-29,0.09,0.09,0.09,0.09,000,0.05
1995-11-30,0.09,0.09,0.09,0.09,000,0.05
1995-10-31,0.08,0.08,0.08,0.08,000,0.04
1995-09-29,0.07,0.07,0.07,0.07,000,0.04
1995-08-31,0.07,0.07,0.07,0.07,000,0.04
1995-07-31,0.07,0.07,0.07,0.07,000,0.04
1995-06-30,0.07,0.07,0.07,0.07,000,0.04
1995-05-31,0.08,0.08,0.08,0.08,000,0.04
1995-04-28,0.12,0.12,0.12,0.12,000,0.06
1995-03-31,0.12,0.12,0.12,0.12,000,0.06
1995-02-28,0.12,0.12,0.12,0.12,000,0.06
1995-01-31,0.12,0.12,0.12,0.12,000,0.06
1994-12-30,0.12,0.12,0.12,0.12,000,0.06
1994-11-30,0.12,0.12,0.12,0.12,000,0.06
1994-10-31,0.12,0.12,0.12,0.12,000,0.06
1994-09-30,0.12,0.12,0.12,0.12,000,0.06
1994-08-31,0.12,0.12,0.12,0.12,000,0.06
1994-07-29,0.12,0.12,0.12,0.12,000,0.06
1994-06-30,0.12,0.12,0.12,0.12,000,0.06
1994-05-31,0.10,0.10,0.10,0.10,000,0.05
1994-04-29,0.08,0.08,0.08,0.08,000,0.04
1994-03-31,0.12,0.12,0.12,0.12,000,0.06
1994-02-28,0.12,0.12,0.12,0.12,000,0.06
1994-01-31,0.12,0.12,0.12,0.12,000,0.06
1993-12-31,0.12,0.12,0.12,0.12,000,0.06
1993-11-30,0.12,0.12,0.12,0.12,000,0.06
1993-10-29,0.12,0.12,0.12,0.12,000,0.06
1993-09-30,0.12,0.12,0.12,0.12,000,0.06
1993-08-31,0.10,0.10,0.10,0.10,000,0.05
1993-07-30,0.12,0.12,0.12,0.12,000,0.06
1993-06-30,0.12,0.12,0.12,0.12,000,0.06
1993-05-31,0.12,0.12,0.12,0.12,000,0.06
1993-04-30,0.12,0.12,0.12,0.12,000,0.06
1993-03-31,0.18,0.18,0.18,0.18,000,0.09
1993-02-26,0.20,0.20,0.20,0.20,000,0.10
1993-01-29,0.21,0.21,0.21,0.21,000,0.11
1992-12-31,0.25,0.25,0.25,0.25,000,0.13
1992-11-30,0.25,0.25,0.25,0.25,000,0.13
1992-10-30,0.25,0.25,0.25,0.25,000,0.13
1992-09-30,0.25,0.25,0.25,0.25,000,0.13
1992-08-31,0.21,0.21,0.21,0.21,000,0.11
1992-07-31,0.21,0.21,0.21,0.21,000,0.11
1992-06-30,0.21,0.21,0.21,0.21,000,0.11
1992-05-29,0.21,0.21,0.21,0.21,000,0.11
1992-04-30,0.21,0.21,0.21,0.21,000,0.11
1992-03-31,0.21,0.21,0.21,0.21,000,0.11
1992-02-28,0.21,0.21,0.21,0.21,000,0.11
1992-01-31,0.21,0.21,0.21,0.21,000,0.11
1991-12-31,0.21,0.21,0.21,0.21,000,0.11
1991-11-29,0.21,0.21,0.21,0.21,000,0.11
1991-10-31,0.21,0.21,0.21,0.21,000,0.11
1991-09-30,0.21,0.21,0.21,0.21,000,0.11
1991-08-30,0.21,0.21,0.21,0.21,000,0.11
1991-07-31,0.21,0.21,0.21,0.21,000,0.11
1991-06-28,0.25,0.25,0.25,0.25,000,0.13
1991-05-31,0.25,0.25,0.25,0.25,000,0.13
1991-04-30,0.27,0.27,0.27,0.27,000,0.14
1991-03-28,0.29,0.29,0.29,0.29,000,0.15
1991-02-28,0.29,0.29,0.29,0.29,000,0.15
1991-01-31,0.29,0.29,0.29,0.29,000,0.15
1990-12-28,0.31,0.31,0.31,0.31,000,0.16
1990-11-30,0.33,0.33,0.33,0.33,000,0.17
1990-10-31,0.33,0.33,0.33,0.33,000,0.17
1990-09-28,0.36,0.36,0.36,0.36,000,0.18
1990-08-31,0.36,0.36,0.36,0.36,000,0.18
1990-07-31,0.36,0.36,0.36,0.36,000,0.18
1990-06-29,0.35,0.35,0.35,0.35,000,0.18
1990-05-31,0.35,0.35,0.35,0.35,000,0.18
1990-04-30,0.44,0.44,0.44,0.44,000,0.23
1990-03-30,0.45,0.45,0.45,0.45,000,0.23
1990-02-28,0.47,0.47,0.47,0.47,000,0.24
1990-01-31,0.48,0.48,0.48,0.48,000,0.25
1989-12-29,0.45,0.45,0.45,0.45,000,0.23
1989-11-30,0.44,0.44,0.44,0.44,000,0.21
1989-10-31,0.41,0.41,0.41,0.41,000,0.18
1989-09-29,0.42,0.42,0.42,0.42,000,0.19
1989-08-31,0.42,0.42,0.42,0.42,000,0.19
1989-07-31,0.42,0.42,0.42,0.42,000,0.19
1989-06-30,0.42,0.42,0.42,0.42,000,0.19
1989-05-31,0.42,0.42,0.42,0.42,000,0.19
1989-04-28,0.36,0.36,0.36,0.36,000,0.16
1989-03-31,0.37,0.37,0.37,0.37,000,0.16
1989-02-28,0.39,0.39,0.39,0.39,000,0.17
1989-01-31,0.36,0.36,0.36,0.36,000,0.16
1988-12-30,0.37,0.37,0.37,0.37,000,0.16
1988-11-30,0.32,0.32,0.32,0.32,000,0.14
1988-10-31,0.31,0.31,0.31,0.31,000,0.13
1988-09-30,0.33,0.33,0.33,0.33,000,0.14
1988-08-31,0.33,0.33,0.33,0.33,000,0.14
1988-07-29,0.33,0.33,0.33,0.33,000,0.14
1988-06-30,0.30,0.30,0.30,0.30,000,0.13
1988-05-31,0.30,0.30,0.30,0.30,000,0.13
1988-04-29,0.30,0.30,0.30,0.30,000,0.13
1988-03-31,0.30,0.30,0.30,0.30,000,0.13
1988-02-29,0.30,0.30,0.30,0.30,000,0.13
1988-01-29,0.30,0.30,0.30,0.30,000,0.13
